1000
639.43 25.01
275.03 223.21
736.47 676.70
892.18 86.94
421.92 29.80
218.64 505.36
26.54 198.84
649.88 544.94
220.44 589.27
809.43 6.50
805.82 698.14
340.25 155.48
957.21 336.59
92.75 96.72
847.49 603.73
807.13 729.73
536.23 973.12
378.53 552.04
829.40 618.52
861.71 577.35
704.57 45.82
227.90 289.39
79.79 232.79
101.00 277.97
635.68 364.83
370.18 209.51
266.98 936.65
648.04 609.13
171.14 729.13
163.40 379.46
989.52 640.00
556.95 684.61
842.85 776.00
229.05 32.10
315.45 267.74
210.98 942.91
876.37 314.68
655.44 395.63
914.55 458.85
264.88 246.63
561.37 262.74
584.59 897.82
399.40 219.32
997.54 509.53
90.91 47.12
109.65 627.45
792.08 422.16
63.53 381.62
996.12 529.11
971.08 860.78
11.48 720.72
681.71 536.97
266.83 640.96
111.55 434.77
453.72 953.82
875.85 263.39
500.59 178.65
912.63 870.52
298.44 638.95
608.97 152.84
762.51 539.38
778.63 530.35
0.57 324.16
19.48 929.10
878.72 831.67
307.51 57.93
878.01 946.95
85.65 485.99
69.21 760.60
765.83 128.39
475.28 549.80
265.06 872.43
423.14 211.80
539.30 729.93
201.15 311.72
995.15 649.88
438.10 517.58
121.00 224.70
338.09 588.31
230.11 220.22
70.99 631.10
228.94 905.42
859.64 70.86
238.00 668.98
214.24 132.31
935.51 571.04
472.67 784.62
807.50 190.41
96.93 431.05
423.58 467.02
729.08 673.36
984.17 98.42
402.62 339.30
861.67 248.66
190.21 448.61
421.88 278.55
249.81 923.27
443.13 861.35
550.33 50.59
999.28 836.03
969.00 926.37
848.70 166.31
485.64 213.75
401.04 58.64
378.97 985.31
265.20 784.07
455.01 423.01
957.32 995.42
555.77 718.41
154.80 296.71
968.71 579.18
542.20 747.98
57.17 584.18
502.85 852.72
157.43 960.78
80.11 185.82
595.04 675.21
235.20 119.89
890.29 246.22
594.52 619.38
419.22 583.67
522.78 934.71
204.26 716.19
238.69 395.79
671.69 300.00
316.18 751.86
72.54 458.29
998.45 996.10
73.26 213.15
265.20 933.26
880.86 879.27
369.53 157.75
833.74 703.54
611.68 987.23
653.98 7.82
817.10 299.38
663.39 938.93
134.29 115.43
107.04 553.22
272.35 604.83
717.61 203.60
634.24 263.98
488.53 905.34
846.10 92.30
423.58 276.68
3.55 771.12
637.11 261.96
741.23 551.68
427.69 9.67
75.24 883.11
903.93 545.59
834.60 582.51
148.09 127.45
308.26 898.98
796.12 860.70
898.92 210.08
249.53 102.79
780.12 884.13
406.38 620.66
154.55 929.88
864.61 976.21
810.77 881.42
24.79 736.56
332.19 930.82
802.24 864.06
810.75 266.81
787.37 108.10
872.17 858.59
222.43 816.59
460.30 305.19
795.35 227.60
23.66 193.13
328.26 864.35
966.89 279.12
641.48 399.68
981.15 536.22
939.24 115.34
970.40 178.57
962.53 265.47
108.40 434.56
728.55 313.68
606.21 511.42
385.20 576.59
254.72 708.79
1.69 925.58
538.45 719.43
741.95 670.63
364.22 69.97
664.24 330.20
313.92 848.02
719.75 300.32
309.28 408.39
402.40 295.66
127.29 420.45
940.36 677.32
902.81 615.51
300.95 547.94
0.41 286.91
429.89 579.98
654.71 464.99
442.16 213.70
473.19 901.18
796.02 169.69
84.80 515.45
632.94 335.19
818.42 751.14
672.80 224.64
199.13 24.43
244.84 475.14
849.74 72.83
414.44 629.77
194.44 696.35
494.38 243.98
656.06 5.54
750.96 770.05
106.59 425.15
175.89 957.97
517.96 50.22
249.20 848.34
456.46 801.42
667.58 987.89
595.45 950.04
891.43 612.65
719.27 504.78
830.57 547.87
897.21 743.66
474.67 259.19
247.24 637.66
765.81 521.30
626.75 274.60
77.48 285.73
271.72 319.71
540.15 138.37
231.26 693.95
706.42 64.23
407.60 542.61
415.77 206.83
420.14 904.84
584.08 695.52
856.73 765.59
380.38 5.90
351.76 753.48
853.45 953.43
419.02 747.52
546.13 603.25
220.54 219.42
435.84 29.02
336.13 679.14
404.32 165.04
467.39 127.63
622.26 26.97
394.02 564.39
27.10 642.75
135.70 461.70
50.28 379.10
211.66 326.85
761.23 379.13
752.01 831.92
252.27 81.91
19.38 539.42
999.91 349.96
650.14 781.23
651.75 754.23
949.61 199.36
20.38 152.38
126.22 669.46
563.97 217.96
699.46 766.90
167.79 607.25
747.93 114.53
819.30 964.72
108.10 25.68
311.96 677.35
958.17 396.65
715.01 76.00
690.61 627.24
101.90 772.48
850.29 600.41
121.06 983.84
782.64 347.20
428.38 370.57
505.96 341.23
849.58 822.33
105.54 960.79
635.59 828.71
707.31 435.49
733.80 965.47
270.08 808.20
538.17 483.50
435.57 731.03
268.40 851.71
830.73 86.66
881.63 243.86
464.71 610.33
378.99 28.70
850.95 181.84
212.12 797.83
340.34 880.32
701.18 276.27
10.15 948.06
85.61 720.07
488.58 758.16
690.61 645.90
490.82 792.93
93.05 221.60
691.79 306.21
581.56 473.26
530.92 425.50
745.94 330.79
702.85 270.92
251.40 120.66
192.58 119.55
535.86 762.19
185.15 216.38
484.20 724.59
976.61 524.64
283.00 100.53
194.12 227.48
179.44 14.15
534.14 274.31
974.29 553.36
697.42 126.28
868.46 490.88
872.72 574.06
469.40 440.47
184.36 51.38
941.06 477.73
822.12 400.71
74.08 629.45
53.61 149.20
562.84 303.84
993.92 118.45
764.44 606.32
790.74 225.69
522.57 450.51
442.72 860.17
990.03 305.38
621.03 609.63
740.09 947.59
207.79 211.03
660.43 157.06
173.81 75.06
2.68 450.50
593.81 291.26
231.48 706.96
702.99 454.03
687.38 923.91
787.83 625.06
661.18 933.67
425.14 544.56
647.63 908.41
826.63 71.41
165.92 307.61
748.96 569.21
288.61 124.35
688.68 699.73
942.68 500.47
493.80 80.44
39.86 432.03
322.32 250.37
91.33 961.91
835.96 575.20
950.79 999.57
672.28 269.51
40.23 756.27
470.50 651.51
916.07 181.49
585.33 634.78
491.73 91.24
347.96 333.31
670.13 857.73
329.80 693.67
288.22 945.19
813.57 550.10
454.83 314.52
323.27 970.18
404.18 514.60
988.12 657.66
542.59 413.25
187.58 361.78
756.44 625.41
759.99 203.56
549.22 927.67
438.12 698.25
121.43 973.15
608.87 239.30
158.38 550.84
552.25 93.21
992.26 912.93
461.45 117.47
832.14 498.38
716.60 508.87
273.42 834.72
980.24 243.73
551.27 383.59
921.87 508.24
879.33 864.03
276.25 790.01
414.94 934.25
507.74 820.55
282.84 298.56
586.94 998.90
489.64 148.60
538.58 345.12
551.92 543.43
455.34 321.78
188.65 697.50
571.80 233.56
775.54 43.65
744.71 705.23
811.41 386.08
663.69 820.75
980.82 495.33
37.02 502.29
590.18 869.70
874.19 440.31
525.95 456.93
722.44 409.98
654.78 154.36
469.49 969.20
338.56 692.70
649.84 851.77
852.34 859.34
380.01 316.66
718.72 759.40
872.38 35.90
68.42 631.16
920.93 997.43
746.77 433.97
98.44 633.75
872.58 443.68
694.00 903.42
45.99 796.14
293.37 374.84
145.57 531.17
565.93 792.52
169.98 78.97
870.84 619.71
240.83 912.83
143.12 461.15
253.98 255.33
9.40 804.63
901.21 677.61
157.98 441.73
345.57 587.57
638.94 424.31
250.10 845.30
199.22 384.69
483.21 237.21
571.92 574.81
992.69 295.23
977.94 658.23
274.48 565.93
685.80 744.67
49.04 606.41
496.73 904.16
286.19 798.86
607.06 352.32
636.62 620.89
677.76 720.93
659.18 838.34
628.25 903.40
646.34 308.93
440.82 579.57
732.36 90.13
295.11 747.48
175.64 132.16
539.41 971.49
530.85 913.49
830.47 256.97
824.69 481.85
806.49 746.56
338.72 115.17
962.89 140.76
966.50 860.14
724.22 979.94
967.27 804.59
365.78 790.68
13.92 536.57
454.79 672.83
672.34 584.56
822.42 940.29
108.35 233.82
25.02 884.23
561.41 915.26
221.37 63.22
823.86 909.39
302.19 408.30
139.78 946.26
304.36 492.62
97.19 887.26
135.66 453.64
670.49 743.14
945.97 419.13
742.27 154.52
414.88 99.02
489.35 408.12
951.52 32.72
370.53 443.38
950.56 855.45
99.35 685.68
544.47 977.84
358.67 398.14
189.81 122.16
848.03 454.72
662.77 641.70
597.15 21.36
786.79 243.57
125.92 564.58
68.61 765.16
207.16 215.95
869.70 328.56
147.55 900.53
2.84 858.41
144.69 129.99
250.65 174.50
661.06 25.78
14.86 789.98
237.93 323.77
174.25 52.40
741.72 526.09
745.67 476.25
778.02 513.24
109.05 503.84
945.42 43.37
783.23 866.98
521.45 458.04
964.03 60.83
478.98 401.62
686.10 490.27
909.70 73.49
80.79 608.30
65.68 275.02
633.08 548.36
325.19 994.63
530.56 453.72
605.43 99.18
701.78 852.79
650.92 768.96
720.84 215.02
451.55 228.49
338.93 453.50
415.99 95.09
426.76 665.11
374.30 152.64
922.99 67.13
831.77 93.23
96.56 738.80
811.77 556.37
586.47 561.59
329.65 122.23
353.60 665.34
750.28 868.09
721.06 968.40
600.41 351.65
577.92 212.74
656.74 224.24
108.22 845.37
367.56 762.61
574.10 807.22
845.16 974.55
818.43 613.57
642.70 26.25
929.08 829.46
267.45 180.42
702.70 308.98
339.82 6.11
869.86 566.32
400.78 141.87
633.17 30.66
746.11 215.13
419.83 340.90
370.05 721.60
776.84 567.59
84.96 52.61
157.41 617.84
673.97 272.10
661.94 485.66
442.04 273.17
754.94 113.82
429.91 283.25
678.49 486.63
667.13 45.42
395.26 599.32
7.69 301.42
211.23 137.23
255.52 328.12
7.73 747.01
175.69 380.21
703.67 500.26
833.35 806.20
72.08 861.76
42.30 18.74
921.16 862.11
575.76 573.40
709.50 417.69
115.17 20.86
324.77 801.32
618.13 832.03
919.77 88.13
844.48 243.32
588.87 523.96
395.77 310.27
339.51 333.07
168.13 510.48
114.03 509.95
905.92 349.38
727.38 818.95
815.04 236.27
146.44 197.27
602.40 760.22
655.51 177.15
772.85 494.12
754.45 759.88
448.91 924.15
564.49 635.30
624.52 864.25
627.22 150.96
68.29 442.21
302.82 274.67
56.17 507.34
310.41 451.91
56.89 831.70
76.73 864.25
855.29 615.01
507.07 462.71
554.32 791.82
895.88 449.73
809.82 651.84
321.53 475.63
150.86 61.87
103.50 899.13
343.44 714.32
504.55 172.56
247.74 437.76
439.42 522.75
158.75 372.85
282.89 408.77
338.37 597.89
789.23 647.31
65.91 94.51
678.38 284.15
723.73 656.56
906.34 873.28
333.36 582.74
141.43 349.82
967.70 698.48
391.96 595.04
938.00 309.58
376.68 791.66
813.18 670.12
828.96 738.77
685.41 526.39
646.02 423.41
361.83 362.60
180.26 214.19
947.67 486.27
226.54 137.57
77.17 844.43
101.14 770.87
835.12 883.68
37.75 336.76
766.31 131.05
376.72 162.25
831.35 771.10
809.04 165.54
437.67 410.86
676.36 237.53
444.20 284.93
748.54 448.93
534.01 309.47
808.62 469.02
835.11 367.84
947.13 984.44
461.68 281.77
381.87 527.46
966.27 816.89
801.26 138.40
250.00 641.18
874.12 554.54
102.59 845.89
851.17 285.06
763.12 272.79
905.31 147.35
437.47 946.41
222.04 451.13
349.59 26.67
53.26 502.01
235.78 994.53
374.91 28.19
930.83 839.18
649.96 791.38
137.60 286.88
829.76 696.07
138.79 705.54
448.60 5.25
79.23 255.92
834.96 548.80
727.23 527.77
111.19 288.10
301.15 47.75
419.83 793.90
457.11 110.86
905.15 596.74
16.44 515.38
241.94 143.58
429.24 614.81
240.56 416.57
664.37 85.61
974.65 67.68
526.06 507.33
988.33 554.15
390.45 470.14
635.67 981.04
253.65 16.24
788.52 344.80
732.94 628.26
771.50 735.19
332.52 44.34
546.01 813.51
175.09 779.14
464.62 695.39
631.74 811.50
63.10 776.19
457.68 293.44
43.81 199.47
41.91 933.37
515.38 989.12
543.03 253.31
753.29 191.10
356.97 780.84
865.80 331.92
124.48 368.02
889.49 743.31
894.64 386.64
973.72 496.20
497.52 924.31
519.28 801.15
727.08 78.93
602.45 822.34
545.47 321.21
80.07 660.92
306.50 602.62
426.12 689.76
351.55 42.36
870.04 352.56
998.15 274.56
980.03 947.90
75.04 637.51
363.31 801.10
679.41 952.79
142.78 607.57
781.31 34.80
67.23 778.52
366.33 382.85
567.24 605.09
679.06 948.82
372.01 763.08
573.92 529.46
398.03 649.56
249.61 113.45
735.67 499.04
386.99 561.67
261.78 260.29
446.27 996.37
285.58 916.48
491.20 122.64
852.83 452.04
898.68 445.11
87.79 681.93
845.52 319.59
347.43 64.94
542.17 891.33
851.36 711.81
927.32 637.70
793.70 508.76
121.36 200.98
138.88 790.37
26.28 554.02
368.91 803.66
551.65 611.95
86.22 309.29
999.60 718.87
525.70 769.16
823.34 73.75
972.38 642.34
449.97 680.11
344.51 877.96
780.26 639.79
181.96 966.26
432.62 910.71
55.41 124.16
153.02 164.66
322.66 709.33
346.02 940.90
894.93 845.93
250.61 635.06
550.84 125.17
302.82 533.48
502.57 168.64
941.61 154.19
658.73 720.63
605.14 842.53
563.62 825.24
28.37 45.46
641.45 576.77
651.13 766.96
416.59 638.99
498.04 627.16
289.67 956.65
482.94 804.69
684.99 297.43
72.97 59.91
439.61 484.25
204.02 606.66
312.58 718.36
734.20 860.78
975.37 130.77
370.54 561.65
319.12 466.47
267.47 247.92
96.81 290.21
384.15 615.38
248.27 865.31
159.70 327.44
577.69 312.71
763.12 498.27
514.72 498.76
308.54 23.18
945.23 505.44
966.69 215.14
352.90 50.54
494.89 882.34
654.26 470.59
536.69 847.17
430.93 882.46
727.51 763.86
365.94 400.58
570.28 194.66
553.22 73.53
504.26 764.40
279.72 989.09
680.40 118.81
975.08 393.90
794.90 339.09
938.95 754.97
199.06 509.12
500.08 45.30
137.04 333.04
473.74 456.99
606.26 515.51
327.97 613.07
162.50 990.62
739.32 299.23
336.37 828.29
532.34 708.74
299.79 815.75
368.36 673.81
979.90 583.70
796.75 725.32
688.04 26.65
474.59 967.07
782.90 776.16
577.63 721.40
583.52 170.51
629.03 619.74
841.17 147.78
680.73 31.57
948.21 109.90
18.94 313.69
151.43 690.50
410.38 774.97
920.52 872.82
735.84 62.28
138.08 207.34
325.05 662.23
525.48 313.75
173.18 912.12
342.33 354.29
771.99 720.92
643.31 693.31
610.08 192.26
246.52 558.09
224.87 972.91
297.61 289.00
207.28 704.99
317.04 348.80
933.70 795.41
273.46 121.87
676.62 379.69
980.16 818.38
954.61 804.62
290.45 287.63
714.14 346.36
442.38 256.44
479.08 202.07
538.58 933.02
696.17 137.27
615.68 586.83
242.46 669.83
531.04 637.94
52.49 413.30
717.36 100.54
770.77 5.18
550.35 929.10
406.91 935.03
878.40 477.45
199.46 963.91
321.17 645.90
907.94 89.46
574.13 535.15
723.12 936.67
913.23 175.06
882.24 175.79
919.63 997.17
396.99 495.38
936.61 962.13
926.04 876.74
9.27 567.96
107.30 982.99
284.56 989.10
543.30 493.91
938.56 851.06
468.02 192.81
112.65 162.49
458.91 257.26
186.20 736.62
790.77 567.78
757.28 175.49
856.15 897.04
826.99 515.28
86.74 669.26
184.78 140.61
323.60 248.05
260.79 235.52
753.76 954.03
301.95 722.88
11.44 653.68
692.77 62.12
118.22 306.81
405.42 502.52
895.12 703.56
310.98 117.42
916.13 295.04
614.63 219.13
133.57 153.19
747.73 605.74
415.85 549.23
470.83 537.52
664.09 218.41
247.47 754.74
873.14 81.87
446.75 703.77
78.10 564.17
61.76 547.65
505.49 572.70
149.85 328.12
520.34 116.24
205.40 583.15
90.94 510.38
808.69 453.43
513.25 456.80
57.74 462.38
806.92 723.28
395.95 816.45
745.80 578.31
45.29 344.53
63.76 994.12
934.58 69.02
933.78 31.73
408.87 768.97
765.83 978.33
645.88 420.36
992.86 382.48
869.62 906.77
375.65 682.73
661.79 539.30
653.53 347.77
178.47 537.26
528.84 727.86
222.69 3.47
22.74 298.36
673.50 544.45
531.93 823.36
247.51 346.16
275.65 937.41
725.02 112.84
809.48 419.24
766.05 883.76
15.65 206.08
100.90 33.58
597.78 703.29
48.68 740.54
402.27 234.34
217.27 863.73
56.44 503.90
289.26 815.79
731.52 318.90
597.92 672.53
320.67 301.76
