1000
143.26 660.21
221.04 300.50
60.96 948.52
879.71 911.58
625.99 427.20
495.62 972.29
941.59 671.34
785.80 318.73
416.32 149.22
376.46 754.42
473.52 849.34
300.74 707.58
805.78 914.74
562.39 967.79
557.29 134.09
242.86 203.34
646.71 922.23
847.13 92.46
724.58 190.48
268.46 673.67
602.92 873.62
188.16 761.70
724.31 558.85
479.39 869.47
332.96 957.02
15.33 937.16
962.08 117.32
999.57 478.92
242.59 604.40
204.51 915.13
552.08 775.51
380.66 533.65
359.26 261.56
512.82 497.28
98.61 981.32
469.49 839.73
914.33 370.70
413.93 562.52
221.27 145.92
260.77 934.76
579.14 417.58
152.41 329.87
379.84 833.36
499.30 654.61
684.85 257.33
821.59 966.51
641.69 490.60
168.23 794.98
169.27 720.31
488.32 916.90
542.14 641.81
58.73 33.82
846.70 945.19
668.22 764.34
412.39 842.54
231.43 707.17
9.14 505.73
373.20 617.84
666.75 616.52
483.20 487.85
6.61 551.64
11.85 529.42
274.74 977.48
17.14 813.16
674.03 806.17
909.77 107.02
96.31 148.90
191.93 526.46
815.21 267.32
396.90 373.05
406.03 565.00
990.23 225.86
684.04 847.87
653.74 858.22
759.59 93.50
379.26 552.70
56.11 9.45
171.38 499.86
433.91 784.38
565.86 857.96
95.36 528.16
42.55 211.42
868.12 887.55
475.50 46.56
74.35 925.58
899.31 563.51
32.90 928.77
314.48 961.47
587.04 752.25
712.71 398.30
76.94 162.45
240.47 834.65
389.16 896.53
331.73 755.61
139.95 988.48
724.16 500.79
974.32 53.70
437.09 838.67
340.59 769.01
954.86 396.70
773.55 29.63
273.33 992.59
490.60 355.81
941.14 431.85
679.69 660.67
85.69 618.62
798.06 713.11
82.04 154.22
711.68 633.90
739.66 316.68
106.55 5.20
308.27 359.92
269.77 132.51
187.39 448.84
554.74 408.04
26.26 353.91
93.06 598.04
324.43 385.24
291.85 387.80
84.70 901.14
905.21 978.17
571.96 169.58
380.73 138.84
301.13 493.12
63.27 434.68
421.10 484.23
76.92 251.70
246.59 625.03
593.81 195.55
106.97 304.66
948.82 332.22
620.19 804.08
329.54 334.74
815.48 859.51
974.23 136.12
320.67 947.28
200.85 314.18
964.57 968.73
291.45 694.96
491.01 575.88
242.42 376.06
816.49 392.94
113.89 563.85
592.23 545.63
681.71 550.10
953.00 461.62
708.37 438.45
291.33 692.84
818.97 795.66
409.14 499.30
633.34 242.02
658.66 715.24
789.08 73.97
990.70 479.23
400.81 506.61
920.39 691.71
543.65 790.72
359.53 895.50
536.91 638.18
84.98 768.95
657.60 355.01
647.00 44.30
983.61 677.47
399.62 752.68
965.72 430.46
10.55 258.74
510.68 518.80
580.52 575.24
445.78 391.13
772.34 588.59
500.47 344.97
24.56 104.55
415.98 961.73
116.07 940.68
141.68 311.89
455.33 206.87
482.93 476.16
438.17 696.76
318.91 300.26
810.19 115.09
849.18 647.97
677.14 164.35
983.90 243.91
174.45 160.14
559.85 958.46
231.86 405.05
184.45 640.48
432.13 29.19
614.11 197.32
592.20 388.84
704.74 205.78
752.33 808.73
62.56 101.75
871.98 186.96
325.98 457.55
262.35 862.64
527.72 639.11
596.97 611.31
587.00 347.92
845.52 617.36
813.74 705.99
297.44 614.48
84.75 133.95
117.86 305.38
183.04 693.44
510.82 418.24
137.87 383.71
185.75 635.50
693.43 645.26
999.90 554.91
489.64 140.30
314.58 451.00
53.61 359.04
9.58 136.53
815.22 963.83
505.44 494.97
684.70 415.63
839.89 488.70
82.67 30.86
761.06 292.09
274.85 537.61
168.21 457.32
742.52 765.92
549.73 113.21
114.21 775.11
823.28 366.86
822.61 41.61
718.98 546.35
989.78 102.42
830.07 751.35
297.71 999.31
449.73 348.58
816.73 439.07
993.96 775.63
236.95 810.70
587.92 350.63
710.75 632.77
165.98 139.23
206.62 206.94
59.36 350.82
281.09 538.77
323.65 704.05
289.33 267.34
858.02 985.49
679.30 95.23
962.77 785.69
918.77 992.49
867.05 126.89
866.08 249.68
711.39 828.48
761.47 676.23
489.46 577.43
268.72 414.23
451.99 633.63
880.13 93.09
515.61 278.23
936.34 369.07
950.25 327.29
2.47 774.14
732.72 730.93
458.45 664.14
358.22 63.33
534.42 217.83
429.64 211.85
268.54 828.34
337.76 577.93
566.14 485.34
343.74 682.55
48.41 99.57
783.89 459.58
124.24 857.65
441.29 0.68
958.03 202.32
688.59 131.91
650.00 158.98
932.73 274.02
654.59 250.39
371.84 903.80
165.53 396.34
305.51 699.44
234.14 655.49
703.70 1.09
476.81 132.70
226.19 679.98
9.29 695.60
817.11 988.15
422.31 132.18
70.83 383.07
730.76 102.43
313.35 880.99
137.13 773.46
753.16 133.15
992.94 142.85
530.51 8.47
650.02 440.10
722.43 628.08
151.37 411.71
686.57 859.96
86.69 100.47
752.45 589.57
384.03 963.25
314.50 139.83
276.97 84.25
553.40 600.01
607.59 778.97
690.48 847.89
658.41 301.65
517.75 509.52
747.84 295.54
54.57 897.91
954.67 494.89
112.74 499.58
593.93 528.29
977.70 986.88
933.92 131.98
860.81 568.38
365.41 682.94
762.73 954.45
770.37 16.69
67.53 262.19
39.83 60.47
789.29 506.61
628.57 501.05
415.43 701.81
82.43 536.56
616.05 277.47
309.91 511.30
203.20 808.06
536.39 390.73
634.29 834.53
681.06 66.12
698.68 729.96
846.47 57.91
86.21 434.48
453.37 608.83
309.29 741.69
740.66 119.44
707.90 701.50
163.83 953.02
523.01 782.99
720.77 166.96
126.93 781.12
268.76 886.41
771.43 29.36
807.11 271.98
63.87 712.32
576.65 77.07
455.20 360.12
499.61 566.89
367.69 255.12
102.90 573.91
722.78 228.40
508.82 44.04
862.93 244.55
471.76 382.98
150.08 931.16
857.49 552.86
913.95 740.67
419.37 321.80
416.26 720.29
271.26 77.89
372.81 502.04
901.94 179.34
804.34 981.41
954.08 68.93
465.09 282.31
844.85 327.30
553.09 7.97
200.67 563.81
303.91 622.72
463.93 591.69
493.36 772.61
195.42 900.44
760.48 245.13
6.38 410.04
233.00 346.42
839.57 877.20
950.99 1.46
657.30 849.01
727.22 103.95
529.81 238.17
492.03 59.90
996.96 711.65
93.03 921.27
897.29 519.76
700.85 372.49
974.55 84.90
95.58 133.51
819.96 74.83
567.82 434.98
964.22 236.77
260.99 315.01
800.82 700.73
735.35 318.06
271.96 74.69
202.71 779.94
584.71 155.41
164.37 466.06
406.51 535.92
964.63 207.64
308.31 265.01
119.91 157.62
686.05 826.39
696.88 40.33
835.92 327.79
91.21 248.22
355.74 513.46
677.18 260.17
990.68 31.08
404.39 452.20
748.08 249.85
462.04 803.90
139.79 11.96
830.37 982.57
130.72 823.67
372.24 630.30
644.69 582.32
258.82 812.75
21.80 64.47
902.50 443.43
128.79 905.08
829.36 331.55
42.70 460.99
167.99 573.88
821.69 395.00
29.48 683.21
172.81 214.72
187.15 279.85
883.42 34.65
619.18 245.78
295.11 411.99
550.69 60.98
279.78 137.24
199.46 884.65
525.81 630.75
802.17 794.85
989.40 781.92
359.11 544.52
484.68 912.68
502.39 388.38
179.82 318.88
219.02 895.76
778.54 58.59
991.53 529.43
766.84 999.61
973.98 100.13
656.86 266.53
816.29 917.26
55.91 996.39
219.41 846.51
797.39 354.80
839.22 845.22
176.10 592.52
806.21 697.63
913.98 28.21
700.56 947.56
563.61 563.11
188.23 988.01
881.63 492.23
309.05 490.44
90.26 232.62
218.81 526.45
0.68 917.90
201.46 130.49
716.94 918.78
844.28 323.59
21.91 586.61
917.22 774.37
846.48 860.67
960.56 373.59
941.92 395.60
101.03 301.77
136.45 157.50
948.69 791.84
960.66 649.18
174.20 968.74
693.56 928.85
786.99 223.24
588.95 175.35
306.82 688.50
127.35 728.83
948.79 948.70
391.60 994.28
965.18 32.38
602.39 921.04
967.53 220.90
565.55 936.69
140.64 745.34
238.00 982.38
167.89 885.32
88.73 708.97
639.10 886.65
446.63 265.21
249.54 67.79
256.66 108.03
1.28 385.94
732.58 969.10
884.55 493.08
378.71 546.02
101.43 479.49
864.05 650.97
687.16 162.66
73.71 845.76
294.91 318.72
951.66 74.20
170.11 375.46
731.99 547.05
898.12 93.10
594.03 613.64
482.74 30.99
942.44 165.00
889.75 157.10
101.26 205.55
189.98 697.20
722.04 729.97
265.26 281.52
237.55 49.64
571.77 839.85
153.59 360.83
427.61 294.55
662.02 600.22
199.67 25.74
170.83 291.81
81.94 843.77
308.35 397.47
489.10 661.04
91.14 544.13
184.88 885.49
369.40 445.78
263.30 465.06
226.24 268.56
61.64 752.24
667.47 85.71
343.79 541.45
970.71 589.73
553.60 840.80
818.41 418.63
535.51 866.89
474.82 881.65
476.26 78.96
902.78 714.31
502.10 900.46
800.45 677.53
620.27 120.28
757.19 172.88
984.37 972.16
808.46 126.19
423.37 988.28
435.39 997.27
627.23 834.11
257.89 910.80
914.17 67.01
388.10 397.35
326.13 276.20
458.16 873.47
786.55 623.06
522.56 419.59
414.44 148.20
587.93 758.38
939.65 924.93
562.68 100.99
286.09 535.63
343.87 410.89
383.04 485.58
608.96 37.47
275.41 143.85
608.66 693.66
38.78 889.57
331.49 237.58
745.75 920.83
897.03 20.23
817.39 303.05
280.35 491.62
696.18 98.22
868.90 134.39
974.22 443.11
825.82 269.42
416.77 645.55
187.94 211.39
823.97 740.94
759.49 867.19
821.02 515.27
158.97 311.12
506.80 135.65
851.30 879.33
28.95 192.76
832.93 836.98
249.49 456.45
918.03 704.63
273.98 823.51
505.13 635.41
123.87 30.56
372.47 594.04
177.58 870.48
586.88 349.76
163.51 894.49
748.96 688.85
285.07 386.57
162.91 572.26
964.92 857.11
647.38 677.70
269.08 409.51
20.05 780.30
767.57 8.90
911.52 647.37
601.14 8.46
252.39 805.09
305.46 967.02
642.74 423.81
376.48 348.71
252.00 466.70
677.20 824.31
397.15 102.31
511.51 662.36
843.28 374.23
647.34 609.05
298.48 108.10
63.84 988.36
640.59 861.49
261.15 711.09
892.37 298.79
149.93 765.47
899.69 805.43
802.36 600.03
660.53 680.76
721.28 655.40
997.47 259.43
418.57 388.27
35.32 708.07
572.04 189.92
726.55 222.36
534.64 784.90
906.53 671.87
507.31 845.42
840.64 876.49
181.14 97.60
127.94 258.65
808.34 762.92
183.07 679.71
335.63 89.30
355.28 744.21
307.09 788.09
331.32 260.56
294.05 851.21
470.54 866.39
583.57 944.30
71.22 889.43
500.48 867.50
381.67 298.36
54.06 854.24
137.37 200.30
409.19 569.40
906.62 457.57
316.38 715.67
778.94 487.58
631.03 176.82
634.50 4.71
273.53 761.19
168.61 764.48
489.58 763.57
88.04 614.48
633.49 403.39
965.33 383.32
37.73 199.41
373.10 14.08
322.21 833.23
190.58 676.75
626.69 248.82
693.52 344.35
128.93 383.55
588.67 167.02
823.84 298.20
290.83 727.83
596.37 337.84
887.97 995.47
342.73 901.38
359.25 188.43
948.08 918.21
403.39 228.42
727.17 131.21
734.08 589.69
168.98 366.59
650.54 37.36
876.54 255.79
534.73 48.59
994.68 661.97
653.57 19.74
689.75 416.78
380.25 547.28
474.40 153.13
695.19 630.31
301.12 661.66
662.48 269.98
605.63 137.16
830.65 104.91
718.77 117.73
114.01 106.26
198.65 199.75
262.99 523.15
201.67 703.44
295.35 39.41
496.35 207.69
933.12 330.60
2.74 671.63
906.88 835.23
669.02 149.14
90.08 511.71
723.56 101.29
255.89 231.16
988.67 296.02
464.28 99.81
174.70 39.44
290.57 801.60
312.71 738.54
95.00 758.20
45.89 852.00
663.36 170.51
357.53 437.71
621.81 878.48
92.95 814.96
182.87 400.78
962.31 271.83
385.72 850.67
799.90 648.85
796.91 113.06
696.17 58.65
942.47 159.40
416.03 590.75
802.26 678.39
181.26 379.75
358.60 28.82
684.46 838.54
973.44 130.66
920.40 112.94
411.28 45.97
261.61 314.24
704.57 677.93
767.53 576.65
565.01 977.90
669.84 338.30
523.10 700.58
95.24 661.71
248.58 345.75
676.30 384.88
839.03 558.34
987.79 54.57
643.40 156.93
848.85 851.87
869.42 74.87
491.65 240.89
970.15 50.35
222.71 643.32
403.28 235.00
459.09 801.26
448.10 856.59
447.07 118.71
497.37 653.37
102.64 412.34
557.13 0.17
90.90 604.20
619.07 304.60
508.34 206.85
671.47 950.36
363.34 54.28
222.92 454.46
560.15 619.76
473.13 657.17
715.91 114.02
759.32 221.75
341.36 829.88
964.43 291.98
521.99 702.10
45.78 164.16
140.45 716.86
721.56 106.96
610.85 187.54
930.22 392.90
457.05 781.42
716.79 107.77
414.47 926.63
837.47 588.81
772.15 450.50
658.46 956.19
134.64 498.83
530.36 48.57
935.31 838.82
482.93 508.33
921.16 177.20
578.55 730.49
128.38 387.41
600.55 882.70
504.11 384.66
979.50 915.91
762.37 273.60
963.59 970.49
452.85 133.37
412.75 700.01
748.43 298.91
701.49 860.71
711.87 935.51
632.58 200.89
624.17 290.58
345.29 672.37
981.34 650.09
958.33 503.89
694.31 322.38
115.41 352.24
480.37 570.64
667.16 417.48
747.87 841.39
285.93 847.30
808.30 522.73
25.27 145.33
670.25 199.90
750.19 160.94
286.62 250.56
839.38 690.59
295.14 753.59
32.31 814.03
102.48 868.04
739.49 864.84
742.41 561.27
237.60 784.31
798.82 287.64
664.49 926.48
387.55 956.70
975.82 312.65
552.12 12.97
251.34 620.56
780.92 870.12
829.98 911.49
704.63 647.63
755.11 546.62
603.39 776.15
964.29 294.18
177.43 682.66
186.98 173.80
513.85 377.20
428.51 556.60
130.07 583.99
255.02 330.56
709.69 154.81
153.70 322.63
50.86 932.38
615.61 661.89
490.55 572.68
358.09 784.03
317.86 219.96
183.87 68.18
505.14 415.93
537.04 91.95
221.20 213.35
331.88 360.80
218.45 752.66
530.50 996.63
823.69 981.13
8.80 668.94
445.67 904.50
613.70 621.13
958.90 682.55
320.94 915.93
944.99 385.88
540.24 282.83
911.34 822.11
374.96 802.82
445.56 43.85
898.28 192.51
513.89 948.21
167.39 956.28
537.97 7.33
65.47 670.34
773.58 864.95
424.21 103.93
537.75 702.74
976.22 775.21
646.56 939.75
746.89 153.75
459.23 331.72
87.52 54.27
794.21 558.08
574.96 227.65
258.65 388.03
630.22 433.03
16.89 673.30
534.83 641.42
618.35 755.96
585.61 700.88
72.59 928.05
106.14 786.89
301.35 86.51
765.27 437.68
395.11 660.72
473.99 533.47
136.38 390.99
797.48 545.72
960.13 144.08
677.29 914.17
795.02 729.32
373.13 949.47
553.52 555.07
123.24 5.03
596.65 537.15
946.98 304.69
748.30 903.55
343.85 412.65
645.93 512.55
160.95 220.79
834.75 194.33
181.36 799.66
852.25 851.39
932.37 994.31
461.27 549.66
290.65 67.36
98.20 725.59
487.19 330.85
128.22 655.47
100.05 619.52
900.12 317.79
450.65 616.34
305.68 584.17
565.55 364.49
316.33 428.31
4.83 246.18
221.53 739.82
436.12 840.11
134.31 732.97
877.89 462.85
358.74 305.47
551.67 175.77
606.63 841.79
858.71 140.00
538.62 263.23
886.34 76.46
75.40 18.63
507.18 31.19
581.89 405.13
590.04 906.30
551.59 543.47
998.73 472.10
775.20 365.82
223.31 772.14
733.23 291.00
464.70 510.41
396.79 502.17
662.68 847.98
806.54 614.04
165.84 514.14
446.22 179.15
948.71 659.41
967.74 735.92
483.50 358.80
218.82 487.64
62.86 369.44
42.81 206.77
907.73 361.25
469.67 454.64
46.44 980.59
324.07 703.74
521.37 829.65
834.87 263.32
544.35 173.85
653.68 365.30
653.34 835.47
516.66 376.33
907.24 516.37
352.90 867.72
486.86 482.11
604.21 501.84
138.97 165.61
77.09 643.48
211.52 186.91
362.22 717.30
118.33 230.35
811.17 720.26
481.52 478.81
210.70 161.25
833.36 22.45
43.14 573.49
161.13 629.54
39.19 572.27
55.91 258.26
180.04 958.24
599.36 563.60
18.62 719.55
661.75 283.45
85.75 449.20
992.78 867.30
170.57 830.36
600.84 794.62
820.45 181.88
659.65 264.52
724.19 342.67
453.47 590.60
229.81 385.46
108.57 202.35
859.59 504.36
419.80 149.56
96.30 475.87
614.75 39.04
783.87 503.33
