100 315
0 1
0 2
0 3
0 4
0 5
0 6
0 7
0 8
0 9
1 2
1 3
1 4
1 5
1 6
1 7
1 8
1 9
2 3
2 4
2 5
2 6
2 7
2 8
2 9
3 4
3 5
3 6
3 7
3 8
3 9
4 5
4 6
4 7
4 8
4 9
5 6
5 7
5 8
5 9
6 7
6 8
6 9
7 8
7 9
8 9
10 1
10 7
10 0
11 8
11 4
11 9
12 8
12 3
12 7
13 1
13 7
13 12
14 9
14 6
14 1
15 6
15 13
15 8
16 7
16 8
16 9
17 4
17 6
17 5
18 14
18 8
18 5
19 7
19 3
19 0
20 4
20 7
20 3
21 5
21 11
21 7
22 13
22 6
22 1
23 14
23 6
23 2
24 14
24 7
24 5
25 2
25 6
25 1
26 5
26 7
26 8
27 14
27 7
27 2
28 4
28 8
28 5
29 2
29 7
29 9
30 29
30 15
30 1
31 16
31 14
31 7
32 16
32 27
32 2
33 18
33 15
33 0
34 20
34 2
34 21
35 4
35 2
35 0
36 8
36 2
36 9
37 4
37 7
37 16
38 5
38 9
38 4
39 21
39 2
39 0
40 5
40 6
40 7
41 2
41 11
41 15
42 15
42 2
42 12
43 11
43 37
43 27
44 2
44 29
44 6
45 21
45 29
45 7
46 4
46 30
46 5
47 43
47 2
47 7
48 1
48 4
48 5
49 44
49 30
49 11
50 5
50 21
50 1
51 22
51 7
51 6
52 43
52 16
52 2
53 3
53 9
53 29
54 11
54 24
54 34
55 2
55 12
55 8
56 9
56 5
56 20
57 41
57 4
57 14
58 9
58 17
58 13
59 1
59 0
59 5
60 57
60 18
60 54
61 6
61 2
61 4
62 4
62 9
62 51
63 9
63 4
63 28
64 7
64 5
64 6
65 52
65 44
65 0
66 59
66 50
66 33
67 4
67 29
67 55
68 1
68 47
68 2
69 50
69 5
69 9
70 48
70 3
70 5
71 6
71 4
71 9
72 9
72 8
72 5
73 66
73 56
73 60
74 1
74 30
74 4
75 16
75 7
75 5
76 4
76 7
76 2
77 1
77 15
77 20
78 59
78 9
78 2
79 5
79 0
79 18
80 16
80 51
80 9
81 47
81 4
81 29
82 48
82 6
82 42
83 6
83 3
83 8
84 5
84 29
84 49
85 10
85 21
85 37
86 5
86 3
86 37
87 5
87 15
87 69
88 9
88 8
88 11
89 8
89 23
89 9
90 41
90 8
90 20
91 9
91 67
91 3
92 4
92 8
92 16
93 3
93 80
93 1
94 17
94 13
94 3
95 15
95 60
95 2
96 2
96 16
96 55
97 6
97 8
97 13
98 1
98 39
98 8
99 15
99 9
99 4
