50 145
0 1
0 2
0 3
0 4
1 2
1 3
1 4
2 3
2 4
3 4
5 4
5 3
5 2
6 2
6 1
6 4
7 1
7 4
7 5
8 6
8 1
8 4
9 2
9 5
9 1
10 0
10 2
10 7
11 10
11 4
11 9
12 8
12 1
12 6
13 4
13 8
13 1
14 4
14 11
14 1
15 0
15 4
15 14
16 1
16 5
16 4
17 16
17 1
17 3
18 16
18 5
18 17
19 8
19 11
19 4
20 13
20 5
20 0
21 2
21 4
21 0
22 14
22 1
22 12
23 1
23 2
23 17
24 4
24 0
24 10
25 1
25 0
25 10
26 17
26 5
26 3
27 2
27 11
27 21
28 4
28 27
28 7
29 4
29 6
29 16
30 27
30 17
30 3
31 11
31 3
31 15
32 4
32 1
32 15
33 21
33 1
33 3
34 32
34 27
34 3
35 11
35 30
35 4
36 1
36 11
36 0
37 34
37 4
37 27
38 7
38 16
38 14
39 4
39 5
39 3
40 11
40 16
40 3
41 14
41 40
41 25
42 17
42 7
42 14
43 27
43 7
43 17
44 18
44 14
44 41
45 10
45 39
45 4
46 4
46 7
46 40
47 25
47 39
47 34
48 27
48 36
48 13
49 10
49 21
49 11
