1000 5119
0 40
0 184
0 329
0 628
0 704
0 723
0 756
0 989
1 87
1 105
1 165
1 192
1 309
1 316
1 388
1 395
1 435
1 489
1 590
1 817
1 975
2 15
2 19
2 175
2 309
2 349
2 380
2 435
2 485
2 494
2 518
2 668
2 752
2 925
2 967
2 977
3 173
3 436
3 831
3 989
4 6
4 23
4 283
4 349
4 482
4 563
4 723
4 963
4 969
5 116
5 144
5 375
5 432
5 523
5 597
5 677
5 698
5 751
5 762
5 777
6 65
6 518
6 532
6 590
6 817
6 944
7 39
7 54
7 262
7 293
7 441
7 476
7 590
7 788
7 805
7 895
8 57
8 114
8 259
8 383
8 421
8 428
8 724
9 137
9 269
9 680
9 686
10 34
10 76
10 107
10 123
10 131
10 185
10 309
10 333
10 371
10 618
10 649
10 745
10 758
10 768
10 786
10 800
10 913
10 980
11 102
11 154
11 217
11 253
11 318
11 503
11 935
12 191
12 246
12 319
12 331
12 370
12 373
12 465
12 472
12 517
12 580
12 791
12 812
12 880
12 928
12 942
12 961
13 75
13 132
13 135
13 503
13 670
13 685
13 927
14 42
14 80
14 114
14 125
14 255
14 303
14 339
14 426
14 667
14 691
14 703
14 839
15 50
15 79
15 298
15 310
15 328
15 339
15 384
15 544
15 545
15 560
15 740
15 803
16 175
16 222
16 241
16 305
16 349
16 491
16 723
16 779
16 781
16 835
16 892
16 980
17 100
17 110
17 233
17 411
17 516
17 758
17 849
17 968
17 972
18 21
18 43
18 53
18 212
18 216
18 322
18 382
18 548
18 741
18 827
18 830
18 917
19 44
19 56
19 145
19 252
19 343
19 409
19 423
19 465
19 511
19 563
19 619
19 678
19 764
19 768
19 772
19 811
20 24
20 29
20 44
20 63
20 206
20 255
20 257
20 647
20 765
20 911
20 974
21 127
21 146
21 301
21 405
21 458
21 653
21 736
21 868
21 890
21 932
22 210
22 394
22 511
22 770
22 814
22 825
22 893
22 905
22 922
23 173
23 226
23 243
23 251
23 304
23 393
23 402
23 435
23 657
23 667
23 834
23 911
24 91
24 163
24 177
24 298
24 509
24 621
24 649
24 711
24 726
24 765
24 857
24 962
25 124
25 189
25 287
25 441
25 451
25 472
25 596
25 616
25 678
25 717
25 724
25 849
25 924
25 959
26 38
26 78
26 170
26 214
26 274
26 298
26 354
26 500
26 514
26 533
26 610
26 614
26 679
26 680
26 706
26 832
26 954
27 28
27 90
27 295
27 335
27 506
27 599
27 632
27 715
27 724
27 884
27 941
28 93
28 225
28 239
28 487
28 499
28 642
28 645
28 980
29 80
29 472
29 667
29 731
29 774
29 791
29 812
29 927
30 34
30 181
30 221
30 470
30 488
30 509
30 649
30 667
30 682
31 347
31 355
31 365
31 447
31 567
31 581
31 716
31 905
31 931
31 977
32 78
32 83
32 241
32 360
32 365
32 566
32 577
32 780
32 809
32 894
33 206
33 285
33 289
33 428
33 535
33 611
33 729
33 812
33 860
33 862
33 940
33 980
34 76
34 100
34 104
34 127
34 180
34 360
34 444
34 546
34 817
34 845
34 954
34 992
35 61
35 118
35 138
35 345
35 352
35 438
35 493
35 581
35 707
35 794
35 877
35 950
35 953
36 145
36 150
36 266
36 414
36 416
36 486
36 589
36 629
36 671
36 702
36 725
36 756
36 929
36 963
36 997
37 259
37 366
37 393
37 422
37 444
37 645
37 648
37 685
37 736
37 745
37 970
38 403
38 448
38 473
38 512
38 587
38 862
39 43
39 60
39 63
39 230
39 239
39 313
39 333
39 731
39 769
39 979
40 193
40 362
40 497
40 542
40 608
40 632
40 757
40 866
40 926
40 946
40 950
41 174
41 187
41 229
41 288
41 291
41 412
41 455
41 501
41 722
41 866
41 919
41 985
42 59
42 228
42 233
42 330
42 340
42 394
42 539
42 571
42 630
42 772
42 893
43 451
43 469
43 470
43 789
43 877
43 885
43 934
43 965
44 212
44 214
44 305
44 377
44 385
44 592
44 596
44 668
44 700
44 827
44 838
44 861
44 900
44 975
44 993
45 264
45 337
45 439
45 450
45 675
45 757
45 796
45 825
45 981
46 269
46 541
46 581
46 646
46 958
47 166
47 227
47 304
47 332
47 370
47 375
47 581
47 634
47 837
47 990
48 217
48 261
48 348
48 360
48 524
48 533
48 646
48 765
48 892
48 900
49 63
49 388
49 417
49 517
49 582
49 623
49 692
49 754
49 757
50 59
50 72
50 285
50 318
50 349
50 401
50 461
50 540
50 788
51 70
51 108
51 137
51 283
51 329
51 375
51 491
51 553
51 681
51 961
52 122
52 196
52 320
52 447
52 736
52 749
52 984
53 54
53 80
53 280
53 407
53 789
53 874
53 914
54 84
54 257
54 334
54 336
54 539
54 820
54 850
54 889
54 924
55 204
55 225
55 312
55 353
55 440
55 442
55 445
55 548
55 628
55 639
55 751
55 777
55 795
55 971
55 983
56 153
56 189
56 214
56 577
56 718
56 733
56 915
57 176
57 345
57 376
57 380
57 530
57 594
57 601
57 614
57 679
57 826
57 959
58 212
58 246
58 367
58 383
58 581
58 587
58 651
58 708
58 850
58 967
59 113
59 125
59 266
59 472
59 525
59 750
59 857
59 867
60 85
60 160
60 283
60 354
60 392
60 403
60 508
60 554
60 969
60 994
60 996
61 62
61 208
61 225
61 257
61 276
61 366
61 403
61 660
61 753
61 814
61 849
61 976
62 108
62 127
62 164
62 408
62 409
62 492
62 550
62 918
63 135
63 174
63 274
63 325
63 436
63 485
63 558
63 614
63 652
63 797
63 936
64 375
64 493
64 552
64 741
64 784
64 944
65 246
65 258
65 299
65 463
65 651
65 681
65 722
65 800
65 801
65 872
65 880
65 978
65 998
66 202
66 226
66 237
66 286
66 327
66 373
66 517
67 227
67 260
67 329
67 366
67 689
67 690
67 785
67 847
67 857
67 916
67 973
68 198
68 339
68 392
68 399
68 444
68 458
68 598
69 201
69 266
69 300
69 321
69 598
69 608
69 660
69 674
69 782
69 933
69 961
69 968
70 90
70 120
70 276
70 297
70 303
70 382
70 389
70 422
70 647
70 701
70 771
70 798
70 805
70 828
70 877
70 949
71 88
71 129
71 275
71 335
71 431
71 459
71 684
71 839
71 849
71 851
71 857
71 988
72 142
72 512
72 581
72 586
72 657
72 803
72 810
72 879
72 930
72 946
73 275
73 394
73 418
73 472
73 504
73 534
74 170
74 324
74 416
74 445
74 529
74 681
75 226
75 321
75 487
75 559
75 685
75 763
76 210
76 242
76 310
76 367
76 483
76 547
76 568
76 581
76 653
76 747
76 814
76 865
76 872
76 932
76 933
77 164
77 244
77 258
77 259
77 598
77 774
77 781
77 785
77 787
77 828
77 968
78 146
78 303
78 367
78 464
78 734
78 744
78 843
78 891
78 905
79 369
79 483
79 579
79 730
79 811
79 857
79 869
79 873
79 957
80 120
80 360
80 365
80 452
80 458
80 480
80 778
80 892
80 900
80 953
81 148
81 154
81 345
81 405
81 422
81 518
81 534
81 576
81 593
81 619
81 686
81 730
81 920
81 997
82 427
82 515
82 562
82 601
82 672
82 676
82 804
82 861
82 916
83 91
83 159
83 301
83 324
83 329
83 372
83 475
83 502
83 554
83 566
83 662
83 781
84 105
84 371
84 480
84 502
84 627
84 636
84 875
84 992
85 200
85 288
85 373
85 510
85 525
85 655
85 978
86 221
86 289
86 322
86 403
86 731
86 795
87 97
87 320
87 458
87 531
87 684
87 756
87 862
88 184
88 250
88 297
88 319
88 357
88 495
88 658
88 718
88 768
88 769
88 807
88 926
88 943
88 971
89 224
89 232
89 282
89 429
89 566
89 582
89 637
89 727
90 156
90 276
90 296
90 375
90 506
90 682
90 758
90 853
90 907
90 969
90 989
90 993
91 255
91 338
91 616
91 732
91 836
91 837
91 878
91 904
92 123
92 235
92 244
92 363
92 464
92 884
92 904
92 919
93 99
93 129
93 146
93 186
93 198
93 230
93 299
93 517
93 572
94 224
94 290
94 301
94 309
94 379
94 395
94 477
94 607
94 611
94 699
94 763
94 807
95 239
95 395
95 505
95 666
95 710
95 727
95 752
95 807
95 863
95 925
95 938
96 187
96 275
96 317
96 496
96 630
96 706
96 811
96 994
97 210
97 253
97 486
97 870
97 992
98 119
98 333
98 396
98 715
98 811
98 921
98 925
98 947
99 360
99 375
99 436
99 757
99 805
100 135
100 146
100 203
100 368
100 400
100 430
100 507
100 623
100 639
100 868
100 990
101 372
101 560
101 953
101 971
102 112
102 189
102 370
102 455
102 631
102 680
102 728
102 902
102 934
103 132
103 222
103 382
103 425
103 430
103 651
103 826
104 123
104 146
104 278
104 296
104 471
104 550
104 823
105 146
105 189
105 262
105 518
105 538
105 539
105 615
105 638
106 115
106 176
106 295
106 331
106 378
106 391
106 519
106 548
106 615
106 635
106 851
106 877
106 993
107 131
107 158
107 504
107 521
107 899
107 906
108 146
108 150
108 306
108 332
108 365
108 633
108 696
108 773
109 142
109 167
109 277
109 313
109 354
109 419
109 513
109 776
109 894
109 985
110 121
110 127
110 260
110 429
110 486
110 490
110 504
110 633
110 698
110 860
110 958
110 967
110 993
111 179
111 232
111 314
111 333
111 397
111 419
111 444
111 471
111 656
111 742
111 901
111 939
112 212
112 238
112 368
112 680
112 754
112 885
112 898
113 354
113 465
113 473
113 520
113 565
113 581
113 732
113 751
113 793
113 804
113 825
113 878
113 879
113 888
113 972
114 243
114 472
114 511
114 766
114 974
115 287
115 299
115 327
115 375
115 582
115 670
115 720
115 845
115 919
116 132
116 293
116 405
116 436
116 580
116 645
116 875
116 885
117 129
117 195
117 269
117 427
117 524
117 551
117 637
117 696
117 838
118 315
118 426
118 466
118 669
118 915
118 954
119 279
119 339
119 399
119 479
119 608
119 724
119 732
119 793
119 842
119 904
120 176
120 234
120 245
120 291
120 376
120 458
120 565
120 819
120 829
120 848
120 867
120 909
120 911
121 416
121 564
121 615
121 653
121 717
121 831
121 855
121 882
122 204
122 414
122 443
122 907
123 302
123 429
123 451
123 654
123 798
123 836
123 876
123 947
124 177
124 240
124 259
124 339
124 524
124 685
124 714
124 793
124 866
125 167
125 176
125 242
125 336
125 478
125 533
125 585
125 614
125 697
125 710
125 763
125 807
125 903
125 994
126 200
126 360
126 438
126 464
126 475
126 517
126 523
126 526
126 551
126 804
126 925
127 145
127 371
127 690
127 837
127 844
127 869
127 965
127 976
128 129
128 150
128 237
128 247
128 278
128 479
128 809
128 856
128 889
128 967
129 270
129 313
129 353
129 420
129 594
129 652
129 775
129 828
130 176
130 397
130 401
130 412
130 436
130 734
130 753
130 795
130 808
130 816
130 830
131 258
131 268
131 269
131 311
131 460
131 491
131 534
131 722
131 763
131 774
131 849
131 869
131 878
132 298
132 312
132 339
132 367
132 497
132 738
132 916
133 160
133 273
133 586
133 690
133 716
133 808
133 936
134 221
134 348
134 469
134 486
134 588
134 857
134 887
135 218
135 243
135 300
135 932
136 176
136 448
136 473
136 513
136 631
136 721
136 785
136 893
137 188
137 261
137 309
137 485
137 709
137 957
137 970
138 139
138 218
138 621
138 707
138 943
139 144
139 305
139 336
139 338
139 340
139 523
139 525
139 621
139 676
139 736
139 844
140 261
140 391
140 409
140 717
140 753
140 757
140 773
140 825
140 897
141 235
141 297
141 348
141 405
141 485
141 515
141 716
141 867
141 938
141 958
142 290
142 319
142 403
142 506
142 613
142 663
142 722
142 887
142 964
143 159
143 163
143 452
143 512
143 606
143 664
143 667
144 210
144 248
144 294
144 384
144 464
144 528
144 801
144 907
144 971
145 391
145 483
145 525
145 534
145 634
145 681
145 698
145 772
145 779
145 783
145 813
145 916
145 932
146 472
146 762
146 791
146 882
146 993
146 998
147 223
147 240
147 331
147 385
147 597
147 627
147 836
147 872
147 998
148 217
148 259
148 362
148 630
148 671
148 713
148 809
148 855
148 911
149 287
149 433
149 453
149 501
149 617
149 715
149 807
149 843
149 902
149 936
150 425
150 455
150 645
150 878
151 263
151 287
151 308
151 350
151 798
151 886
151 942
151 979
152 169
152 252
152 399
152 530
152 582
152 644
152 822
153 239
153 260
153 271
153 401
153 406
153 510
153 534
153 596
153 619
153 673
153 740
153 752
153 914
153 998
154 155
154 205
154 389
154 597
154 726
154 770
154 838
154 984
155 217
155 228
155 269
155 401
155 539
155 604
155 606
155 617
155 728
155 748
155 778
155 880
155 949
156 219
156 253
156 270
156 295
156 330
156 412
156 516
156 528
156 600
156 725
156 929
156 973
157 192
157 250
157 328
157 392
157 631
157 758
158 381
158 449
158 524
158 530
158 774
158 808
158 811
159 217
159 226
159 394
159 444
159 453
159 456
159 708
159 710
159 883
159 935
160 217
160 238
160 398
160 541
160 791
160 903
160 931
160 942
161 200
161 219
161 600
161 653
161 717
161 801
161 849
161 869
161 891
162 294
162 385
162 504
162 608
162 712
162 740
162 757
162 875
162 940
162 950
163 313
163 420
163 464
163 473
163 519
163 567
163 664
163 740
163 749
163 823
163 837
163 852
163 881
164 352
164 417
164 522
164 567
164 669
164 689
164 769
164 913
164 921
164 963
165 171
165 330
165 471
165 589
165 822
165 824
165 856
165 860
166 213
166 302
166 372
166 509
166 566
166 660
166 779
166 793
166 815
166 911
166 960
167 216
167 295
167 391
167 424
167 620
167 679
167 682
167 757
167 788
167 876
167 899
167 953
168 373
168 475
168 494
168 732
168 815
168 833
169 187
169 286
169 344
169 488
169 536
169 544
169 581
169 656
169 809
169 890
170 214
170 274
170 306
170 426
170 499
170 850
171 188
171 327
171 703
171 764
171 876
171 904
171 994
172 231
172 287
172 288
172 442
172 486
172 490
172 641
172 643
172 893
173 336
173 565
173 588
173 649
173 834
173 972
174 243
174 244
174 255
174 287
174 322
174 479
174 795
174 819
175 275
175 658
175 810
176 209
176 262
176 309
176 377
176 548
176 562
176 594
176 742
176 784
176 815
176 821
177 340
177 478
177 530
177 647
177 687
177 947
177 949
178 288
178 368
178 381
178 597
178 672
178 843
178 961
178 968
178 978
179 350
179 375
179 581
179 608
179 660
179 924
180 217
180 671
180 847
181 215
181 236
181 251
181 353
181 485
181 567
181 697
181 699
181 867
181 956
182 186
182 227
182 466
182 524
182 942
182 993
183 685
183 703
183 738
183 742
183 844
183 864
183 988
184 190
184 274
184 298
184 316
184 429
184 989
185 218
185 463
185 487
185 591
185 605
185 611
185 638
185 655
185 765
185 815
185 909
186 269
186 649
186 741
186 778
186 888
187 304
187 333
187 366
187 385
187 509
187 536
187 559
187 621
187 931
187 999
188 355
188 469
188 470
188 599
188 950
189 377
189 474
189 531
189 638
189 654
189 709
189 746
189 859
189 907
190 203
190 261
190 337
190 359
190 488
190 580
190 679
190 690
190 923
190 950
191 262
191 351
191 416
191 547
191 557
191 662
191 702
191 708
191 729
191 952
192 227
192 268
192 320
192 409
192 613
192 643
192 714
192 798
192 999
193 216
193 258
193 338
193 400
193 553
193 637
193 708
193 778
193 817
193 835
193 950
194 216
194 238
194 300
194 370
194 414
194 500
194 528
194 540
194 758
194 963
195 231
195 350
195 397
195 432
195 465
195 546
195 549
195 842
196 454
196 579
196 592
196 617
196 712
196 757
196 773
196 834
196 866
196 966
197 417
197 496
197 541
197 699
198 236
198 367
198 442
198 443
198 522
198 547
198 561
198 657
198 749
198 760
198 804
198 940
198 964
199 255
199 421
199 432
199 516
199 683
200 288
200 370
200 632
200 653
200 677
200 911
201 317
201 404
201 441
201 531
201 593
201 629
202 363
202 387
202 414
202 499
202 623
202 635
202 701
202 863
202 951
203 355
203 882
204 433
204 470
204 555
204 570
204 600
204 606
204 607
204 727
204 774
205 294
205 468
205 591
205 615
205 668
205 913
206 209
206 451
206 556
206 561
206 664
206 688
206 758
206 881
207 236
207 502
207 666
207 805
207 827
208 240
208 337
208 658
208 681
208 714
208 734
208 856
208 917
208 965
209 249
209 305
209 346
209 427
209 438
209 541
209 678
209 722
209 802
209 818
209 869
209 933
210 306
210 312
210 325
210 493
210 514
210 739
210 763
210 765
210 810
210 901
210 946
211 310
211 335
211 399
211 486
211 703
211 770
211 840
211 916
211 936
211 938
212 258
212 340
212 521
212 669
212 785
212 911
212 952
213 260
213 394
213 687
213 689
213 770
213 844
213 923
214 269
214 423
214 489
214 520
214 536
214 782
214 795
214 924
215 659
215 818
215 920
215 993
216 317
216 437
216 546
216 569
216 630
216 689
216 730
216 853
216 902
217 384
217 400
217 452
217 559
217 602
217 637
217 684
217 738
217 829
217 834
217 900
217 994
218 225
218 331
218 732
218 768
218 785
218 817
218 832
219 345
219 369
219 380
219 451
219 733
219 753
219 811
219 824
219 826
219 984
220 259
220 523
220 672
220 753
220 758
220 760
220 829
221 301
221 314
221 491
221 629
221 685
221 699
221 766
222 273
222 303
222 443
222 574
222 583
222 892
222 924
223 358
223 366
223 394
223 660
223 678
223 697
223 746
223 930
224 459
224 474
224 615
224 687
224 699
225 278
225 457
225 469
225 635
225 723
225 793
225 823
225 838
225 975
226 411
226 550
226 606
226 629
226 678
226 709
226 727
226 755
226 827
226 863
226 926
226 928
226 985
227 402
227 578
227 635
227 699
227 752
228 278
228 302
228 317
228 471
228 486
228 665
228 734
228 830
228 886
228 997
229 377
229 634
229 787
229 952
229 970
230 360
230 363
230 521
230 593
230 657
230 778
230 814
230 853
230 857
230 930
230 957
231 234
231 280
231 357
231 408
231 419
231 743
231 781
231 922
231 951
231 964
231 971
232 438
232 524
232 564
232 790
232 901
232 903
233 245
233 375
233 403
233 590
233 625
233 817
234 290
234 371
234 386
234 409
234 707
234 794
234 900
235 413
235 460
235 479
235 534
235 585
235 631
235 821
235 867
235 875
235 923
236 259
236 407
236 759
236 774
236 836
236 839
237 297
237 475
237 538
237 873
237 940
238 327
238 525
238 585
238 657
238 736
238 788
238 869
238 947
238 975
239 517
239 705
239 739
239 779
239 928
240 278
240 377
240 496
240 518
240 580
240 788
240 815
240 971
241 589
241 610
241 689
241 706
241 789
241 882
242 335
242 343
242 529
242 546
242 577
243 327
243 499
243 659
243 682
243 718
243 762
243 805
243 996
244 325
244 406
244 582
245 518
245 760
245 867
245 932
245 972
246 254
246 301
246 341
246 379
246 434
246 658
246 710
246 721
246 728
246 809
246 949
247 271
247 420
247 443
247 848
248 331
248 358
248 381
248 455
248 517
248 534
248 583
248 613
248 619
248 702
248 985
248 998
249 563
249 931
250 271
250 284
250 359
250 411
250 515
250 517
250 745
250 938
250 958
251 268
251 338
251 717
251 753
251 754
251 829
251 830
251 974
252 707
252 927
253 363
253 442
253 500
253 516
253 576
254 491
254 521
254 564
254 631
254 745
254 891
255 273
255 331
255 375
255 394
255 437
255 486
255 877
255 937
255 959
256 445
256 632
256 660
256 725
256 729
257 374
257 456
257 485
257 728
257 729
257 824
257 835
257 855
257 903
257 940
258 532
258 904
259 371
259 540
259 628
259 886
259 971
260 445
260 583
260 591
260 614
260 965
261 338
261 448
261 589
261 613
261 618
261 673
261 721
261 789
261 963
261 978
261 980
261 989
262 294
262 316
262 391
262 951
263 267
263 347
263 351
263 383
263 416
263 495
263 640
264 372
264 427
264 431
264 482
264 589
264 629
264 767
264 888
264 941
265 274
265 387
265 421
265 422
265 548
265 607
265 616
266 301
266 310
266 352
266 400
266 450
266 451
266 616
266 618
266 701
266 773
266 778
266 818
266 917
266 999
267 274
267 361
267 379
267 395
267 762
267 767
267 910
268 443
268 481
268 581
268 831
268 946
269 274
269 296
269 337
269 349
269 369
269 818
269 873
269 901
269 933
269 967
270 287
270 452
270 474
270 543
270 706
270 749
270 786
270 817
270 961
271 282
271 402
271 619
271 692
271 705
271 730
271 782
271 882
272 313
272 412
272 577
272 697
272 777
272 778
272 960
273 312
273 666
273 719
273 783
273 795
274 574
274 849
275 532
275 537
275 575
275 609
275 691
275 790
275 809
275 887
276 355
276 422
276 586
276 596
276 728
276 768
276 819
276 832
276 881
277 325
277 340
277 346
277 562
277 633
277 639
278 450
278 459
278 541
278 842
278 878
278 906
278 998
279 501
279 513
279 626
279 635
279 683
279 719
279 766
279 864
279 939
280 469
280 621
280 717
280 811
280 856
280 952
280 977
280 990
281 302
281 337
281 658
281 818
282 835
282 958
283 375
283 408
283 592
283 685
283 697
283 774
283 852
284 498
284 590
284 729
285 344
285 452
285 567
285 594
285 646
285 906
286 364
286 809
286 857
286 873
286 891
286 907
286 973
287 317
287 477
287 545
287 622
287 775
288 351
288 404
288 598
288 965
289 375
289 477
289 488
289 533
289 575
289 647
289 733
289 932
290 297
290 383
290 443
290 521
290 684
290 896
290 941
290 971
291 410
291 412
291 452
291 518
291 531
291 532
291 707
291 914
291 969
291 989
292 484
292 554
292 669
292 711
292 733
292 814
292 828
292 837
292 888
292 966
293 408
293 495
293 517
293 536
293 579
293 677
293 739
293 901
294 391
294 412
294 439
294 579
294 638
294 898
295 342
295 448
295 454
295 490
295 588
295 640
295 744
295 909
296 334
296 387
296 411
296 549
296 698
296 702
296 727
296 825
296 855
296 871
296 977
297 305
297 410
297 458
297 473
297 533
297 556
297 562
297 599
297 672
297 779
298 842
298 910
299 355
299 376
299 391
299 421
299 510
299 770
300 618
300 667
300 763
300 818
301 523
301 654
301 676
301 884
301 972
302 770
302 848
302 907
302 928
302 967
303 663
303 682
303 952
303 965
303 982
304 553
304 757
304 862
304 877
304 950
305 394
305 406
305 551
305 564
305 608
305 669
305 786
305 922
306 508
306 757
306 793
307 606
307 797
307 831
307 881
307 884
308 343
308 439
308 638
308 935
308 986
309 358
309 396
309 404
309 448
309 551
309 596
309 614
309 659
309 676
309 810
310 337
310 539
310 916
310 925
311 516
311 764
311 905
312 508
312 652
312 869
312 955
312 965
313 404
313 525
313 627
313 637
313 639
313 686
313 698
313 731
313 743
313 888
314 328
314 381
314 461
314 610
314 852
314 863
314 866
314 950
314 958
315 397
315 534
315 661
315 668
315 729
315 787
315 789
315 922
316 347
316 518
316 694
316 843
317 357
317 451
317 490
317 521
317 862
317 864
317 887
318 412
318 465
318 646
318 685
318 798
318 836
318 837
318 921
319 471
319 555
319 743
320 496
320 583
320 659
320 681
320 777
320 824
320 952
321 393
321 509
321 851
321 858
321 894
321 905
321 978
322 340
322 637
322 836
322 926
323 330
323 384
323 397
323 461
323 488
323 535
323 649
323 682
323 784
323 846
323 914
324 342
324 401
324 501
324 524
324 745
324 813
324 922
325 366
325 593
325 736
325 812
325 831
325 963
325 992
326 342
326 525
326 560
326 771
326 784
326 862
326 902
327 337
327 432
327 439
327 513
327 712
327 729
327 748
327 789
327 886
328 382
328 662
328 706
328 795
328 817
328 830
328 833
329 438
329 452
329 656
329 751
329 797
329 868
330 869
330 896
330 901
330 951
331 383
331 402
331 447
331 463
331 537
331 666
331 866
332 519
332 660
332 786
333 372
333 400
333 469
333 471
333 673
333 727
333 777
333 799
333 856
333 926
334 338
334 638
334 672
334 674
334 805
334 895
334 989
335 415
335 466
335 481
335 575
335 580
335 665
335 689
335 944
335 960
336 663
336 882
336 901
336 976
337 346
337 463
337 518
337 679
337 693
337 729
337 740
337 744
338 364
338 554
338 658
339 448
339 540
339 606
339 708
339 726
339 737
339 770
339 812
340 457
340 572
340 768
340 811
341 415
341 532
341 641
341 893
341 898
341 941
342 423
342 460
342 756
342 759
342 932
342 962
343 404
343 437
343 832
344 428
344 463
344 659
344 769
344 849
344 864
344 940
344 979
345 362
345 365
345 392
345 413
345 494
345 567
346 413
346 491
346 512
346 523
346 629
347 376
347 406
347 776
347 904
348 365
348 413
348 499
348 549
348 608
348 679
348 690
348 798
348 843
349 356
349 488
349 534
349 726
349 837
349 938
350 378
350 560
350 570
350 590
350 657
350 844
351 443
351 512
351 609
351 703
351 711
351 907
352 386
352 391
352 400
352 453
352 504
352 522
352 567
352 704
352 844
352 850
352 906
353 404
353 538
353 697
353 714
353 789
353 860
354 575
354 658
354 742
354 752
354 858
355 359
355 362
355 385
355 424
355 631
355 904
356 397
356 511
356 517
356 638
356 792
356 797
357 426
357 675
357 695
357 712
357 827
358 377
358 394
358 425
358 526
358 564
358 587
358 596
358 701
358 714
358 841
358 872
358 927
359 361
359 389
359 586
359 628
359 777
359 839
360 380
360 475
360 521
360 575
360 628
360 685
360 898
360 904
360 992
361 501
361 506
361 701
361 714
361 815
361 853
361 898
361 911
362 441
362 576
362 612
363 380
363 419
363 608
363 751
364 459
364 471
364 558
364 614
364 703
364 705
364 789
365 511
365 547
365 642
365 781
365 973
366 377
366 556
366 608
366 665
366 757
366 797
366 844
367 416
367 479
367 584
367 700
367 745
367 814
367 875
367 896
367 939
367 959
368 436
368 675
369 499
369 706
369 771
369 781
369 820
369 896
370 503
370 530
370 846
370 856
370 876
371 386
371 571
371 652
371 674
371 676
371 724
371 741
371 858
371 966
371 991
372 429
372 618
372 640
372 669
372 737
372 803
372 854
373 388
373 516
373 574
373 679
373 692
373 720
373 853
373 924
374 393
374 813
374 899
375 634
375 679
376 744
376 801
376 849
377 533
377 697
378 403
378 455
378 488
378 752
378 928
379 528
379 582
379 664
379 746
379 786
379 883
379 928
379 961
380 666
380 938
380 971
381 525
381 581
381 609
381 710
381 761
381 970
382 383
382 430
382 450
382 487
382 593
382 695
382 827
382 872
382 934
382 991
383 441
383 450
383 554
383 556
383 596
383 900
383 905
384 441
384 491
384 520
384 561
384 678
384 680
384 836
385 414
385 438
385 487
385 511
385 530
385 569
385 601
385 681
385 900
386 489
386 497
386 504
386 702
386 876
386 902
386 943
386 949
387 638
387 643
387 667
387 716
387 731
387 757
387 805
387 863
387 877
387 989
388 610
388 865
388 988
389 395
389 765
389 909
389 977
390 662
390 695
390 718
390 775
390 885
390 976
391 417
391 477
391 485
391 559
391 584
391 594
391 684
391 777
391 955
392 494
392 679
392 799
392 828
392 875
392 888
392 922
393 402
393 462
393 627
393 668
393 783
393 926
393 929
394 596
394 894
394 909
395 709
395 746
395 823
395 896
395 993
396 471
396 509
396 655
396 656
396 718
396 754
396 828
396 990
397 482
397 492
397 630
397 736
398 466
398 579
398 814
398 899
398 933
398 959
399 594
399 644
399 663
400 401
400 508
400 586
400 596
400 752
400 763
401 410
401 651
401 653
401 777
401 884
402 597
402 899
402 906
403 425
403 561
403 562
403 739
403 818
403 876
404 473
404 486
404 552
404 615
404 673
404 748
404 775
404 796
404 833
404 834
404 869
405 465
405 564
405 667
405 695
405 897
405 908
405 976
406 583
406 764
406 821
407 488
407 734
407 996
408 598
408 777
408 810
408 835
408 888
408 922
408 957
409 603
409 655
409 728
409 863
409 899
409 929
410 505
410 556
410 798
410 861
410 864
411 517
411 521
411 620
411 926
412 418
412 606
412 646
412 675
412 716
412 755
412 840
412 841
412 872
413 430
413 558
413 563
413 735
414 591
414 660
414 781
414 804
415 495
415 523
415 574
415 768
415 797
415 936
415 950
416 444
416 484
416 521
416 674
416 687
416 703
416 877
416 904
417 595
418 590
418 885
419 566
419 681
419 706
419 847
419 907
419 976
420 451
420 581
420 699
420 776
420 791
420 900
421 505
421 585
421 590
421 740
421 942
422 432
422 473
422 489
422 587
422 625
422 648
422 772
422 868
423 595
423 711
423 877
423 907
423 910
424 437
424 464
424 560
424 636
424 745
424 928
424 986
425 426
425 436
425 522
425 535
425 711
425 856
425 880
426 562
426 595
426 677
426 723
426 882
426 994
427 486
427 487
427 520
427 679
427 702
427 743
427 849
427 963
428 634
428 682
428 969
429 735
429 792
430 473
430 650
431 508
431 536
431 671
431 920
432 570
432 630
432 817
432 857
432 861
433 452
433 537
433 572
433 672
433 857
434 435
434 487
434 641
434 676
434 678
435 589
435 696
435 802
435 857
436 514
436 521
436 625
436 630
436 632
436 653
436 887
437 445
437 601
437 680
438 844
439 563
439 660
439 778
439 788
439 923
440 511
440 751
440 782
440 805
440 902
440 922
440 956
441 733
441 798
441 885
442 577
442 669
442 682
442 712
442 786
442 789
442 793
442 968
442 993
443 642
443 667
443 936
443 951
443 957
444 504
444 536
444 566
444 594
444 605
444 648
444 735
445 447
445 467
445 530
445 588
445 842
446 544
446 553
446 675
446 711
446 753
446 785
446 960
446 962
447 582
447 623
447 717
447 777
447 983
448 509
448 540
448 601
448 626
448 651
448 818
448 921
449 537
449 705
449 725
449 727
449 753
449 863
450 452
450 611
450 860
450 964
450 965
451 499
451 533
451 582
451 605
451 812
451 872
451 873
451 964
452 491
452 528
452 585
452 606
452 635
452 812
453 669
453 681
453 696
453 820
453 892
453 920
454 516
454 573
454 593
454 848
455 577
455 693
455 883
455 907
455 920
456 476
456 500
456 649
456 763
456 867
456 915
456 948
456 998
457 569
457 715
457 734
457 786
457 791
457 956
457 959
458 577
458 760
458 792
458 902
458 986
459 570
459 729
459 732
459 794
459 849
460 582
460 661
461 701
462 657
462 660
462 772
462 919
462 930
462 964
463 499
463 679
463 749
463 848
463 857
463 934
464 590
464 657
464 672
464 770
464 778
464 809
464 858
464 954
464 975
464 983
465 582
465 685
466 524
466 529
466 552
466 742
466 876
466 941
467 510
467 533
467 688
467 759
467 795
467 828
467 904
467 912
467 949
467 965
468 484
468 567
468 593
468 595
468 937
469 490
469 684
469 735
469 769
469 805
470 652
470 701
470 720
470 841
470 865
470 888
470 895
470 936
470 967
470 976
471 705
471 761
471 791
471 819
471 967
471 987
472 488
472 552
472 578
472 733
472 893
472 908
472 981
473 985
474 714
474 716
474 934
474 955
475 506
475 636
475 696
475 854
475 861
475 862
476 609
476 688
476 735
476 793
477 515
477 576
477 732
477 808
477 953
477 974
478 626
478 889
478 902
478 926
479 685
479 851
479 864
479 905
479 928
480 492
480 609
480 717
480 821
480 872
481 501
481 561
481 572
481 672
481 945
481 955
481 959
482 663
482 752
483 583
483 673
483 706
483 826
483 924
484 602
484 707
484 787
484 863
485 495
485 524
485 529
485 639
485 645
485 757
485 867
485 869
485 937
485 943
486 567
486 577
486 585
486 686
486 730
487 592
487 832
487 903
488 625
488 714
488 919
489 554
489 573
489 631
489 657
489 724
489 749
489 802
489 855
489 900
489 985
490 690
490 829
490 910
491 506
491 518
491 553
491 890
492 509
492 850
492 994
493 600
493 645
493 705
493 756
493 838
493 857
493 931
494 969
495 514
495 749
495 898
495 988
495 993
496 535
496 682
496 688
496 864
496 930
496 983
497 502
497 555
497 708
497 734
497 753
498 651
498 774
499 524
499 543
499 568
499 677
499 827
499 859
500 536
500 691
500 692
500 787
500 834
500 854
500 964
501 719
501 825
501 839
501 982
502 543
502 558
502 599
502 712
502 723
502 835
502 921
502 937
502 992
503 749
503 779
503 784
503 843
503 964
504 691
504 715
504 814
504 889
505 537
505 689
505 788
505 810
505 828
505 993
506 512
506 558
506 584
506 731
506 814
506 982
507 559
507 649
507 770
507 825
508 531
508 670
508 829
509 830
510 553
510 813
510 827
510 956
510 971
511 579
511 759
511 785
511 792
511 842
512 531
512 629
512 655
512 831
512 892
514 660
514 764
514 849
515 598
515 634
515 654
515 737
515 796
515 811
515 929
515 931
515 981
516 545
516 547
516 712
516 753
516 794
516 871
516 894
516 923
517 585
517 631
517 720
517 819
517 834
518 541
518 626
518 670
518 679
518 822
518 840
518 888
518 983
519 576
519 583
519 595
519 680
519 717
519 752
519 826
520 521
520 619
520 635
520 753
520 810
520 819
520 912
520 968
520 978
521 526
521 545
521 612
521 625
521 742
521 752
521 859
521 910
521 990
522 662
522 716
522 972
522 979
523 699
523 725
523 833
523 862
523 964
524 657
524 977
524 989
524 999
525 526
525 592
525 607
525 666
525 686
525 757
525 763
525 786
525 788
525 841
525 964
526 541
526 677
526 697
526 801
526 806
526 886
526 995
527 533
527 560
527 607
527 616
527 899
527 910
527 921
528 537
528 551
528 571
528 573
528 720
528 748
528 786
528 918
529 601
529 609
529 651
529 751
530 677
530 740
530 794
530 855
530 895
531 544
531 602
531 635
531 702
531 731
531 784
531 936
531 972
532 657
532 755
532 770
532 828
532 834
532 904
532 969
533 626
533 800
533 803
533 907
533 940
533 996
533 999
534 565
534 592
534 597
534 653
534 664
534 829
534 836
535 718
535 892
535 918
535 919
536 585
536 603
536 745
536 827
536 855
536 941
537 591
537 759
537 820
537 830
537 836
537 879
538 598
538 611
538 791
538 828
538 854
538 871
539 553
539 572
539 695
539 735
539 746
539 779
539 797
539 828
539 844
539 964
539 994
540 549
540 638
540 660
540 731
540 790
540 794
540 927
541 751
541 827
541 868
541 914
541 999
542 757
542 822
542 928
543 597
543 666
543 709
543 769
543 874
543 926
543 967
544 636
544 805
544 963
545 642
545 689
545 751
545 802
545 875
546 568
546 820
546 899
547 553
547 733
547 773
547 785
547 917
548 597
548 679
548 866
549 578
550 551
550 577
550 678
550 855
550 962
551 585
551 713
551 902
552 619
552 657
552 697
552 888
552 966
552 977
553 559
553 565
553 591
553 678
553 707
553 757
553 926
553 929
554 634
554 765
554 857
555 642
555 827
555 854
555 875
555 907
555 954
556 625
556 665
556 753
556 786
556 823
556 824
556 898
557 748
557 921
557 946
558 814
559 581
559 591
559 648
559 663
559 719
559 816
559 935
559 948
560 575
560 579
560 604
560 792
560 851
560 893
560 954
561 728
561 774
561 827
561 939
562 682
562 976
563 589
563 769
563 889
564 593
564 763
564 775
564 776
564 964
564 990
565 821
566 674
566 737
566 878
567 940
568 612
568 663
568 665
568 744
568 782
568 830
569 712
569 735
569 809
569 828
569 932
570 708
570 791
570 841
570 898
570 980
571 773
571 848
571 892
571 918
571 955
571 966
572 601
572 678
572 862
572 964
573 607
573 733
573 973
574 645
574 977
575 719
575 741
575 820
575 841
575 874
575 891
575 931
575 975
575 987
576 602
576 624
576 781
576 825
576 854
577 719
577 722
577 780
577 898
577 916
577 934
577 941
578 602
578 605
578 758
578 769
579 774
579 923
579 926
580 614
580 651
580 682
580 740
580 830
580 982
581 590
581 644
581 724
581 790
581 791
581 896
582 597
582 621
582 665
582 861
583 672
583 799
583 849
583 921
584 663
584 832
584 857
585 637
585 661
585 758
585 762
585 777
585 779
586 654
586 700
586 832
586 897
586 975
587 722
587 879
587 908
587 990
588 604
588 659
588 772
588 978
589 683
589 727
589 731
590 694
590 718
590 726
591 657
591 673
591 692
591 768
591 805
591 870
591 913
591 918
592 612
592 621
592 625
592 696
592 766
592 808
592 834
592 970
593 665
593 706
593 861
593 908
593 925
593 953
593 981
594 635
594 685
594 744
594 806
594 872
594 964
595 680
595 685
595 709
595 725
595 812
596 710
596 760
596 793
596 908
597 692
597 847
597 856
597 987
598 656
598 724
598 745
598 825
598 849
599 623
599 629
599 725
599 842
599 878
599 885
599 982
600 686
600 745
600 748
600 882
601 636
601 707
601 733
601 779
601 796
601 845
601 846
602 732
602 744
602 748
602 815
602 911
603 825
604 658
604 686
604 737
604 824
604 955
604 958
604 983
604 987
605 648
605 668
605 695
605 754
605 849
605 984
606 643
606 690
606 761
606 795
606 798
606 800
606 913
607 616
607 941
608 628
608 775
608 803
608 810
608 885
609 617
609 685
609 737
609 745
609 746
609 820
609 878
609 885
610 661
610 682
610 980
611 680
611 716
611 875
611 918
611 988
612 668
612 880
613 697
613 730
613 731
613 936
614 616
614 696
614 921
615 786
615 792
616 648
616 829
616 834
616 888
616 916
616 991
617 685
617 703
617 838
617 904
617 974
618 784
618 827
618 995
619 802
619 888
620 700
620 722
621 625
621 697
621 741
621 850
621 918
621 949
622 658
622 787
622 833
622 952
622 964
622 984
623 672
623 736
623 880
623 942
624 721
624 883
624 904
624 986
625 696
625 756
625 836
626 686
626 732
626 873
626 918
627 647
627 655
627 744
627 771
627 783
627 985
628 738
628 807
628 914
628 948
628 970
628 987
628 993
628 999
629 717
629 754
629 831
629 882
630 681
630 706
630 840
631 755
632 860
632 911
632 926
633 652
633 844
633 872
633 953
634 691
634 738
634 751
634 825
634 839
634 871
635 699
635 778
635 858
636 678
636 712
636 761
636 771
636 865
636 888
637 743
637 754
637 788
638 766
638 871
638 873
639 845
640 764
641 683
641 734
641 756
641 903
642 675
642 879
643 686
643 706
643 759
643 859
643 923
643 950
644 809
644 816
645 746
645 887
645 957
646 691
646 698
646 756
646 919
647 695
647 803
647 865
647 941
648 733
648 856
648 911
648 914
648 949
649 681
649 691
649 708
649 713
649 747
650 661
650 686
650 720
650 880
650 894
650 934
651 660
651 755
652 661
652 949
652 979
653 737
653 879
653 880
653 906
653 919
654 697
654 722
654 767
654 774
654 796
654 838
654 876
654 893
655 693
655 815
655 824
655 920
656 753
656 820
656 830
657 689
657 710
657 751
657 769
657 813
658 667
659 672
659 695
659 833
659 961
659 971
660 666
660 770
660 858
660 975
661 761
661 856
661 880
662 692
662 881
662 903
662 946
662 960
663 861
663 926
663 944
663 972
664 693
664 717
664 919
665 674
665 687
665 704
665 838
666 735
667 777
668 699
668 734
668 817
668 898
668 907
669 747
669 865
669 886
669 985
670 815
670 948
670 975
671 699
671 738
671 779
671 811
671 851
671 987
672 732
672 744
672 822
672 989
673 736
673 791
673 810
674 738
674 801
674 892
674 939
674 971
674 983
674 985
675 787
676 746
676 871
676 902
677 794
677 851
678 693
678 817
678 925
678 944
678 975
678 976
679 800
679 803
679 827
679 895
679 952
679 980
680 784
680 846
680 952
680 959
680 970
680 983
681 699
681 706
681 917
682 684
682 703
682 973
683 710
683 838
683 872
683 897
683 926
683 953
683 971
684 724
684 853
685 722
685 729
685 836
685 891
685 957
686 729
686 766
686 774
686 835
686 867
687 864
688 715
688 747
688 776
688 820
688 887
688 942
689 719
690 842
690 952
691 800
691 885
691 904
691 914
692 736
692 828
692 834
692 852
692 874
692 895
692 897
692 913
692 929
692 933
694 718
694 822
694 869
694 904
694 983
694 999
695 861
695 918
696 723
696 845
696 907
696 928
698 785
698 856
698 877
699 811
699 942
700 855
700 895
700 942
701 884
701 903
702 747
703 998
704 855
704 874
704 906
705 706
705 887
705 900
705 932
706 712
706 732
707 954
708 794
708 867
709 757
709 987
710 740
710 797
710 820
710 891
711 729
711 797
711 878
711 924
711 962
711 983
712 982
713 751
713 806
713 834
713 896
714 837
714 883
714 919
715 844
715 847
715 981
716 815
716 848
716 873
717 950
718 901
719 776
719 827
719 888
720 886
721 751
722 930
722 947
723 864
723 937
724 734
724 875
726 785
726 827
726 882
726 891
726 976
727 821
728 751
728 807
728 851
728 858
728 941
729 732
729 869
729 910
729 974
730 759
730 774
730 861
730 879
731 922
731 927
731 941
731 961
731 962
731 980
732 876
732 881
733 765
733 922
733 924
733 974
733 985
734 762
734 772
734 869
734 933
735 870
735 909
735 933
736 779
736 792
736 818
736 882
737 824
737 958
738 860
738 912
738 913
738 960
739 806
739 958
740 758
740 781
740 843
740 953
740 981
741 791
741 857
741 946
742 856
742 985
743 793
743 949
744 806
744 886
744 995
746 955
747 926
748 849
749 839
749 859
749 952
750 764
750 919
751 890
751 955
751 995
752 876
752 963
752 970
753 812
753 844
753 970
754 968
754 974
755 798
755 821
756 773
756 819
756 840
756 842
757 789
757 840
757 844
757 878
757 987
758 831
758 864
758 883
758 996
759 805
759 833
759 945
759 964
760 841
760 946
761 947
762 779
762 897
763 856
763 911
763 938
764 834
764 886
764 994
765 785
765 813
766 997
767 861
767 866
767 882
767 913
767 978
768 847
769 830
769 966
769 975
770 845
770 879
771 813
771 890
771 973
772 807
772 954
773 801
773 820
774 840
774 923
774 946
775 931
775 982
776 810
776 840
776 894
777 842
778 878
779 913
780 792
780 919
780 924
780 961
781 849
781 895
781 915
782 812
782 863
782 967
782 982
784 793
784 929
784 950
784 966
785 805
785 913
785 917
786 833
787 792
787 850
787 928
787 995
788 841
788 850
788 901
790 911
790 937
791 891
791 941
793 880
793 904
793 960
794 921
795 873
796 813
797 906
798 824
798 828
798 862
798 917
800 846
800 921
800 949
801 820
802 816
802 882
802 998
803 924
803 953
804 846
804 954
805 830
805 833
805 923
806 854
806 923
807 880
807 985
808 827
808 879
809 937
809 972
810 965
811 912
812 955
812 957
812 976
813 832
813 957
815 917
815 958
815 959
816 932
816 960
816 979
817 844
817 861
817 896
818 836
818 852
818 862
818 999
819 841
819 921
820 860
820 944
822 847
823 870
823 896
823 900
824 917
824 973
825 829
825 873
825 899
825 914
826 836
827 860
827 999
828 899
828 927
828 999
829 969
829 978
829 999
830 969
832 909
832 996
833 859
834 901
835 890
835 933
835 979
836 869
836 901
837 903
838 855
838 927
838 936
839 906
840 954
840 955
840 969
840 979
841 915
841 988
842 870
842 961
842 962
843 846
843 913
844 850
844 919
844 998
845 972
846 883
846 998
848 860
848 907
848 942
848 944
849 935
850 912
851 932
852 868
852 938
852 980
854 862
854 880
854 928
854 935
855 926
857 965
858 928
859 919
859 923
860 864
860 883
860 922
860 934
864 972
865 873
865 900
867 906
868 876
868 955
869 927
870 905
870 982
871 908
871 922
871 973
872 897
873 950
873 994
875 975
876 879
876 915
876 979
877 970
878 921
880 922
880 980
882 898
882 914
882 950
882 953
882 993
884 973
885 905
885 922
885 926
885 986
885 996
886 934
887 940
892 894
892 895
892 929
893 920
893 949
893 954
893 955
893 959
893 971
894 896
895 922
896 911
896 957
897 904
897 974
897 984
898 904
898 919
898 924
898 926
900 938
900 985
901 952
904 955
904 999
906 989
906 999
907 920
909 932
911 935
912 995
913 937
917 920
917 924
918 966
919 949
920 950
922 999
925 940
926 976
927 981
928 940
928 997
928 998
930 931
930 945
930 956
930 975
931 989
933 968
933 984
938 966
938 984
939 940
939 963
940 945
940 947
941 953
941 973
941 976
945 952
945 994
947 970
952 975
952 987
954 988
956 973
957 991
957 997
958 989
962 987
964 987
966 999
968 969
968 993
969 971
970 982
972 988
975 993
977 985
982 996
983 992
988 990
