200 202
0 15
1 34
1 99
2 14
3 111
3 198
4 31
4 90
4 107
4 157
6 7
7 9
7 58
8 143
8 198
8 199
9 29
10 70
10 90
10 99
10 179
11 92
11 97
12 77
12 106
12 109
12 116
12 165
14 66
17 71
17 121
17 154
17 194
18 26
18 47
18 123
18 145
20 97
20 141
21 66
22 24
22 151
22 189
23 181
24 88
24 156
24 165
25 40
25 112
25 177
25 183
25 197
26 31
26 42
27 174
27 182
28 102
29 62
29 120
30 65
30 76
30 145
30 146
30 183
31 63
32 48
33 106
33 175
34 93
34 190
35 98
35 144
36 65
36 165
38 68
39 63
39 143
40 73
40 128
40 151
41 59
42 145
42 195
43 111
43 175
44 47
44 79
44 119
45 110
45 153
46 51
46 95
46 118
46 168
48 135
49 70
49 199
50 105
51 66
51 125
53 75
55 189
56 70
56 157
56 192
58 69
58 119
58 147
58 166
59 81
59 161
60 66
60 119
60 137
61 192
62 83
62 194
63 81
63 105
63 126
64 195
67 145
68 89
68 90
70 86
71 75
71 103
71 108
71 143
71 149
72 95
72 167
73 80
73 162
75 82
75 125
77 114
77 193
78 155
81 102
81 162
81 187
84 104
84 157
86 92
87 98
87 172
88 117
88 120
90 97
92 196
93 118
93 122
93 140
93 182
93 186
93 198
94 115
94 190
95 127
95 184
98 195
100 143
102 154
108 186
108 197
110 154
111 117
113 139
113 165
114 121
116 184
118 123
118 161
118 165
118 173
119 129
120 145
124 168
126 179
128 154
129 175
129 192
131 134
131 191
132 159
134 142
134 149
138 191
141 156
142 192
143 162
145 195
150 183
152 162
154 183
156 165
156 168
165 193
167 177
178 189
180 198
