100 485
0 1
0 2
0 3
0 4
0 5
1 2
1 3
1 4
1 5
1 6
2 3
2 4
2 5
2 6
3 4
3 5
3 6
3 8
4 5
4 6
4 7
4 8
4 9
5 6
5 7
5 8
5 10
6 7
6 9
6 10
6 11
7 8
7 9
7 11
7 12
8 9
8 10
8 11
8 12
8 13
9 10
9 11
9 12
9 13
9 14
10 11
10 12
10 13
10 14
10 15
11 12
11 14
11 15
11 16
12 13
12 14
12 15
12 16
13 14
13 15
13 16
13 18
14 15
14 16
14 17
14 18
14 19
15 16
15 17
15 18
15 19
15 20
16 17
16 18
16 20
17 18
17 19
17 20
17 22
18 19
18 20
18 21
18 22
19 20
19 21
19 22
19 23
19 24
20 21
20 22
20 23
20 24
20 25
21 22
21 23
21 25
21 26
22 23
22 24
22 25
22 26
22 27
23 24
23 26
23 27
23 28
24 25
24 26
24 27
24 29
25 26
25 27
25 29
25 30
26 27
26 28
26 31
27 28
27 29
27 30
27 31
27 32
28 29
28 31
28 33
29 30
29 31
29 32
29 33
29 34
30 31
30 32
30 33
30 34
30 35
31 32
31 33
31 34
31 35
31 36
32 33
32 36
32 37
33 34
33 35
33 36
33 37
34 35
34 36
34 37
34 39
35 36
35 37
35 38
35 39
35 40
36 37
36 38
36 39
36 40
36 41
37 38
37 39
37 40
37 41
37 42
38 40
38 41
38 42
38 43
39 40
39 41
39 42
39 44
40 41
40 42
40 44
40 45
41 42
41 43
41 44
41 45
41 46
42 43
42 44
42 45
42 46
42 47
43 44
43 45
43 46
43 47
43 48
44 45
44 46
44 47
45 46
45 47
45 48
45 49
46 47
46 48
46 49
46 50
47 48
47 49
47 50
47 51
47 52
48 49
48 50
48 51
48 53
49 50
49 51
49 52
49 53
49 54
50 51
50 52
50 53
50 55
51 52
51 53
51 54
51 55
51 56
52 53
52 54
52 56
52 57
53 54
53 56
53 57
53 58
54 55
54 56
54 57
54 58
54 59
55 56
55 57
55 58
55 59
55 60
56 57
56 58
56 59
56 61
57 58
57 59
57 60
57 61
57 62
58 59
58 60
58 61
58 62
58 63
59 60
59 61
59 62
59 63
59 64
60 61
60 62
60 63
60 64
60 65
61 62
61 63
61 64
61 65
61 66
62 63
62 64
62 65
62 66
62 67
63 64
63 65
63 67
63 68
64 65
64 66
64 68
64 69
65 66
65 67
65 68
65 69
65 70
66 67
66 68
66 69
66 70
66 71
67 68
67 70
67 71
67 72
68 69
68 70
68 71
68 72
68 73
69 70
69 71
69 72
69 73
69 74
70 72
70 73
70 74
71 72
71 74
71 75
71 76
72 73
72 74
72 75
72 76
72 77
73 74
73 75
73 76
73 77
73 78
74 75
74 76
74 77
74 78
74 79
75 77
75 78
75 79
75 80
76 77
76 78
76 79
76 80
76 81
77 78
77 79
77 80
77 81
77 82
78 79
78 80
78 81
78 82
78 83
79 80
79 81
79 82
79 84
80 81
80 83
80 84
80 85
81 82
81 83
81 84
81 85
81 86
82 83
82 84
82 85
82 86
82 87
83 84
83 85
83 87
83 88
84 85
84 86
84 87
84 88
85 86
85 87
85 88
85 89
85 90
86 87
86 88
86 89
86 90
86 91
87 88
87 89
87 90
87 92
88 89
88 90
88 92
88 93
89 90
89 91
89 92
89 93
89 94
90 91
90 92
90 93
90 94
90 95
91 92
91 94
91 95
91 96
92 93
92 94
92 95
92 96
92 97
93 94
93 96
93 97
93 98
94 95
94 96
94 97
94 98
94 99
95 96
95 97
95 98
95 99
96 97
96 98
96 99
97 98
97 99
98 99
2 38
3 97
5 84
6 90
7 97
11 2
12 3
13 98
16 96
16 48
17 25
18 86
21 29
23 68
24 12
25 54
26 34
26 98
28 81
28 22
32 38
32 86
33 63
34 45
38 49
39 73
40 23
44 57
44 20
45 72
46 39
48 4
50 59
52 71
53 33
56 32
63 93
64 47
67 47
70 77
70 88
71 1
75 41
79 51
80 19
83 28
84 57
87 80
88 7
91 61
93 46
