1000 4929
0 32
0 67
0 230
0 236
0 563
0 690
0 753
0 769
0 800
0 890
0 915
1 62
1 211
1 274
1 294
1 509
1 545
1 771
1 820
2 38
2 179
2 223
2 290
2 308
2 419
2 546
2 646
2 826
3 255
3 602
3 754
3 866
3 934
3 936
3 967
4 142
4 264
4 272
4 397
4 504
4 569
4 668
4 672
4 734
4 938
5 43
5 114
5 143
5 230
5 397
5 414
5 467
5 702
5 716
5 880
5 958
6 40
6 166
6 745
6 844
7 16
7 65
7 69
7 266
7 319
7 460
7 607
7 660
7 796
7 853
7 900
7 957
8 148
8 386
8 462
8 562
8 654
8 888
9 29
9 76
9 380
9 651
9 740
9 792
9 829
9 918
9 929
9 943
10 37
10 177
10 193
10 311
10 332
10 391
10 520
10 603
10 645
10 752
11 286
11 318
11 351
11 437
11 463
11 572
11 922
12 168
12 202
12 240
12 281
12 325
12 347
12 379
12 382
12 598
12 729
12 749
12 940
13 93
13 303
13 426
13 631
13 694
13 757
13 864
13 990
14 52
14 232
14 303
14 609
14 626
14 973
15 21
15 187
15 201
15 347
15 401
15 446
15 612
15 660
15 669
15 693
15 697
15 701
15 735
15 798
15 859
15 893
15 967
16 58
16 72
16 158
16 210
16 320
16 363
16 604
16 694
16 847
16 953
17 41
17 365
17 370
17 423
17 447
17 468
17 596
17 673
17 706
17 724
17 747
17 844
17 934
18 65
18 228
18 317
18 372
18 774
18 818
18 867
18 903
18 916
18 974
19 41
19 73
19 153
19 411
19 451
19 502
19 538
19 659
19 687
19 842
19 991
20 163
20 178
20 202
20 227
20 277
20 281
20 294
20 414
20 507
20 544
20 769
20 774
20 942
21 303
21 445
21 531
21 748
21 872
22 119
22 133
22 223
22 389
22 514
22 598
22 660
22 721
22 749
22 760
22 871
22 879
22 909
22 963
23 300
23 309
23 514
23 565
23 715
23 723
23 830
23 851
24 160
24 168
24 271
24 605
24 629
24 788
24 855
24 913
24 994
25 28
25 119
25 129
25 150
25 299
25 319
25 398
25 647
25 842
25 982
25 989
26 111
26 283
26 765
26 854
27 60
27 129
27 310
27 359
27 443
27 453
27 708
27 876
27 945
28 104
28 136
28 284
28 588
28 678
28 728
28 741
28 759
28 837
28 878
28 881
28 893
28 908
28 984
29 109
29 154
29 197
29 220
29 289
29 394
29 447
29 516
29 537
29 607
29 644
29 707
29 738
30 76
30 363
30 531
30 578
30 604
30 636
30 678
30 838
30 896
30 902
30 977
31 84
31 105
31 370
31 773
32 89
32 307
32 408
32 427
32 447
32 487
32 590
32 817
32 828
32 837
32 865
33 106
33 122
33 303
33 349
33 385
33 784
33 790
33 915
34 56
34 142
34 367
34 382
34 402
34 441
34 458
34 515
34 829
34 882
35 96
35 168
35 327
35 363
35 388
35 513
35 545
35 642
35 882
35 975
36 555
36 812
36 894
36 973
37 132
37 188
37 226
37 301
37 304
37 348
37 462
37 832
37 872
37 900
37 977
38 70
38 193
38 233
38 261
38 312
38 376
38 570
38 615
38 641
38 678
38 716
38 910
39 49
39 117
39 286
39 371
39 551
39 557
39 627
39 964
40 100
40 149
40 241
40 313
40 339
40 497
40 633
40 658
40 792
40 911
41 111
41 149
41 339
41 387
41 437
41 620
41 857
41 885
42 84
42 118
42 130
42 354
42 416
42 417
42 532
42 561
42 580
42 772
42 827
42 935
43 366
43 584
43 626
43 909
44 56
44 164
44 209
44 213
44 248
44 285
44 404
44 470
44 506
44 780
44 791
44 838
44 923
45 132
45 141
45 171
45 180
45 451
45 456
45 560
45 618
45 652
45 682
45 837
45 860
46 75
46 132
46 136
46 182
46 415
46 416
46 557
46 576
46 673
46 702
46 721
46 755
47 183
47 465
47 541
47 593
47 836
47 930
47 946
47 998
48 356
48 458
48 546
48 568
48 628
48 705
48 813
48 898
48 915
49 59
49 124
49 207
49 208
49 359
49 406
49 452
49 466
49 603
49 686
49 805
49 862
50 161
50 183
50 449
50 463
50 482
50 511
50 668
50 954
51 105
51 219
51 400
51 486
51 526
51 719
51 736
51 765
51 772
51 793
51 833
52 81
52 225
52 427
52 502
52 507
52 723
52 809
52 855
52 887
52 920
53 360
53 405
53 420
53 487
53 554
54 65
54 68
54 103
54 131
54 495
54 551
54 569
54 632
54 822
54 858
55 208
55 259
55 357
55 456
55 727
55 964
55 993
56 76
56 83
56 211
56 522
56 620
56 683
56 830
57 109
57 204
57 262
57 437
57 456
57 554
57 929
57 959
58 87
58 152
58 260
58 318
58 448
58 468
58 471
58 482
58 594
58 627
58 633
58 663
58 719
58 772
58 831
58 859
58 953
59 247
59 379
59 505
59 721
59 757
59 916
59 925
60 106
60 316
60 351
60 463
60 564
60 707
60 843
60 921
61 138
61 165
61 308
61 352
61 478
61 699
61 806
62 105
62 265
62 317
62 549
62 609
62 774
62 930
63 169
63 254
63 492
63 688
63 844
63 924
63 940
63 973
64 112
64 133
64 141
64 186
64 338
64 511
64 633
64 859
64 872
65 131
65 133
65 145
65 199
65 210
65 348
65 395
65 404
65 473
65 663
65 967
65 990
66 385
66 620
66 742
66 759
66 846
66 876
66 930
67 79
67 168
67 289
67 431
67 601
67 634
67 710
67 743
67 751
67 811
67 839
67 888
67 929
68 198
68 211
68 214
68 234
68 327
68 515
68 562
68 598
68 732
68 768
68 853
69 104
69 110
69 262
69 479
69 537
69 560
69 976
70 229
70 285
70 329
70 400
70 461
70 571
70 665
70 904
71 163
71 165
71 423
71 524
71 955
72 155
72 269
72 289
72 364
72 600
72 611
72 713
72 735
72 789
72 930
73 250
73 267
73 289
73 355
73 365
73 636
73 738
73 739
74 140
74 228
74 488
74 493
74 529
74 728
74 831
74 935
75 93
75 234
75 287
75 433
75 498
75 793
75 804
75 941
75 965
76 298
76 341
76 399
76 541
76 605
76 652
76 710
76 747
76 818
76 857
77 209
77 410
77 432
77 464
77 470
77 589
77 618
77 685
78 92
78 123
78 161
78 315
78 434
78 449
78 612
78 685
78 890
78 963
79 164
79 382
79 439
79 445
79 631
79 697
79 891
79 982
80 547
80 570
80 601
80 631
80 667
80 680
80 919
81 330
81 486
81 585
81 707
81 758
81 826
81 865
81 999
82 165
82 221
82 290
82 292
82 475
82 538
82 543
82 736
82 829
82 847
82 879
83 187
83 312
83 392
83 540
83 618
83 674
83 684
83 801
83 836
83 932
83 933
83 948
84 199
84 600
84 704
84 724
84 915
85 165
85 270
85 274
85 388
85 582
85 835
85 941
86 149
86 180
86 220
86 235
86 241
86 248
86 429
86 693
86 776
86 834
86 842
86 978
87 220
87 383
87 396
87 420
87 709
88 156
88 194
88 231
88 280
88 305
88 522
88 569
89 278
89 416
89 473
89 539
89 580
89 774
90 222
90 270
90 367
90 517
90 705
90 815
91 107
91 196
91 204
91 241
91 253
91 268
91 292
91 619
91 638
91 702
91 788
91 958
92 370
92 691
92 863
92 884
92 890
93 324
93 404
93 539
93 562
93 702
93 870
93 876
94 353
94 683
94 723
94 811
94 819
95 169
95 247
95 265
95 302
95 311
95 363
95 366
95 396
95 401
95 494
95 520
95 532
95 854
96 309
96 424
96 459
96 467
96 585
96 603
96 767
96 809
96 882
96 929
97 216
97 252
97 283
97 288
97 310
97 338
97 401
97 418
97 485
97 510
97 529
97 538
97 589
97 710
97 743
97 765
97 786
97 791
97 801
97 817
97 852
97 904
98 301
98 410
98 522
98 527
98 702
98 736
98 783
98 830
99 409
99 470
99 479
99 834
99 921
99 986
100 168
100 383
100 408
100 528
100 605
100 618
100 652
100 692
100 907
100 913
100 953
101 236
101 250
101 254
101 293
101 426
101 538
101 567
101 671
101 979
101 990
102 160
102 274
102 325
102 331
102 482
102 551
102 588
102 653
102 679
102 680
102 767
102 812
102 911
102 949
103 508
103 510
103 715
104 242
104 480
104 513
104 600
104 625
104 913
105 164
105 265
105 267
105 299
105 325
105 423
105 555
105 747
106 192
106 264
106 605
106 674
106 701
106 742
106 777
106 983
107 716
107 776
107 808
107 881
107 882
107 945
108 157
108 245
108 249
108 289
108 345
108 461
108 473
108 487
108 593
108 611
108 818
108 957
109 146
109 186
109 198
109 248
109 290
109 423
109 516
109 537
109 563
109 589
109 596
109 620
109 759
109 761
109 855
110 311
110 313
110 324
110 456
110 536
111 159
111 174
111 459
111 550
111 568
111 573
111 580
111 623
111 769
112 162
112 231
112 240
112 254
112 377
112 391
112 526
112 585
112 682
112 701
112 810
112 901
112 981
113 197
113 215
113 265
113 319
113 720
113 766
113 787
113 913
114 242
114 309
114 352
114 357
114 514
114 641
114 701
114 708
114 910
115 233
115 282
115 346
115 369
115 429
115 462
115 501
115 506
115 518
115 576
115 616
115 621
115 670
115 733
115 849
115 898
115 942
116 240
116 285
116 296
116 341
116 404
116 571
116 611
116 621
116 829
116 919
117 153
117 219
117 309
117 390
117 459
117 624
117 663
117 956
118 202
118 280
118 409
118 548
118 638
118 652
118 728
118 921
118 937
119 136
119 206
119 213
119 461
119 562
119 694
119 744
119 835
119 878
119 901
120 139
120 177
120 260
120 277
120 288
120 480
120 503
120 546
120 693
120 754
120 887
120 904
120 961
121 155
121 162
121 242
121 367
121 447
121 651
121 859
121 922
122 124
122 353
122 402
122 447
122 526
122 630
122 648
122 735
122 749
122 848
122 855
122 928
123 380
123 389
123 498
123 606
123 649
123 685
123 721
123 730
123 756
123 813
123 845
123 970
124 282
124 321
124 365
124 401
124 411
124 430
124 456
124 675
124 750
125 141
125 164
125 222
125 288
125 410
125 415
125 757
125 790
126 426
126 558
126 787
126 788
126 888
127 301
127 506
127 528
127 593
127 640
127 781
127 894
127 980
128 143
128 150
128 233
128 315
128 325
128 434
128 678
128 695
128 719
128 921
128 950
128 963
128 986
129 211
129 484
129 576
129 619
129 766
129 779
129 799
129 932
129 965
130 165
130 202
130 230
130 332
130 333
130 517
130 530
130 605
130 663
130 729
130 756
131 151
131 229
131 289
131 457
131 464
131 466
131 668
131 680
131 840
131 878
131 920
131 991
132 230
132 359
132 576
132 695
133 207
133 336
133 399
133 499
133 522
133 814
133 885
134 217
134 316
134 392
134 426
134 528
134 619
134 660
134 940
135 166
135 245
135 332
135 378
135 851
135 939
136 203
136 263
136 268
136 340
136 426
136 538
136 578
136 730
136 766
136 915
137 138
137 148
137 205
137 679
137 721
137 817
137 824
137 892
138 175
138 226
138 367
138 426
138 488
138 544
138 600
138 844
138 883
139 204
139 337
139 436
139 443
139 451
139 472
139 545
139 599
139 651
139 837
140 199
140 224
140 298
140 339
140 419
140 546
140 601
140 656
140 793
141 470
141 545
141 618
141 671
141 802
142 211
142 215
142 383
142 500
142 586
142 670
142 676
142 746
142 757
142 768
142 856
143 181
143 208
143 299
143 377
143 424
143 427
143 439
143 555
143 680
143 926
144 245
144 339
144 403
144 454
144 571
144 634
144 762
145 344
145 573
145 652
145 758
145 761
145 850
145 859
145 901
145 977
146 202
146 210
146 253
146 470
146 553
146 602
146 603
146 661
146 764
146 783
146 922
147 288
147 340
147 533
147 601
147 687
147 722
147 924
147 959
147 961
148 266
148 280
148 364
148 448
148 557
148 845
148 957
149 211
149 477
149 570
149 746
149 799
149 953
150 179
150 244
150 260
150 408
150 431
150 476
150 743
150 883
150 909
150 954
151 214
151 260
151 396
151 470
151 629
151 650
151 722
151 755
151 837
151 850
151 901
152 171
152 237
152 294
152 356
152 393
152 516
152 630
152 649
153 539
153 540
153 611
153 788
153 981
154 241
154 323
154 330
154 524
154 550
154 678
154 893
155 176
155 297
155 646
155 683
155 742
155 745
155 758
155 785
156 169
156 252
156 387
156 681
156 731
156 897
156 916
157 225
157 324
157 411
157 452
157 667
157 677
157 919
157 927
157 965
157 986
158 234
158 243
158 260
158 370
158 516
158 596
158 741
158 791
158 921
159 503
159 676
159 731
159 790
159 971
160 269
160 552
160 575
160 584
160 683
160 736
161 278
161 313
161 330
161 551
162 422
162 487
162 494
162 839
162 890
162 891
162 925
162 959
163 168
163 183
163 220
163 237
163 294
163 340
163 444
163 454
163 648
163 935
164 295
164 323
164 445
164 463
164 482
164 600
164 605
164 621
164 727
164 815
165 197
165 212
165 220
165 569
165 605
165 613
165 731
165 783
165 885
165 891
166 169
166 226
166 441
166 565
166 576
166 584
166 637
166 657
166 700
166 788
166 835
166 897
167 407
167 616
167 839
167 922
167 946
168 402
168 419
168 431
168 433
168 882
168 930
168 997
169 204
169 327
169 602
169 677
169 799
169 811
170 197
170 229
170 323
170 327
170 495
170 646
170 650
170 852
171 253
171 348
171 444
171 573
171 737
171 747
171 859
171 888
172 227
172 301
172 376
172 491
172 524
172 536
172 614
172 794
172 805
172 964
173 256
173 281
173 462
173 486
173 829
173 956
174 287
174 300
174 301
174 340
174 363
174 565
174 569
174 786
174 822
175 369
175 838
176 206
176 646
176 847
176 857
176 864
177 252
177 327
177 357
177 413
177 437
177 466
177 584
177 670
177 717
177 762
177 777
177 798
178 313
178 398
178 462
178 470
178 781
178 803
178 876
178 995
179 329
179 434
179 578
179 896
179 901
179 991
180 284
180 383
180 611
180 636
180 785
180 827
180 891
181 260
181 272
181 385
181 521
181 672
181 762
181 766
181 833
181 878
181 941
182 278
182 311
182 422
182 583
182 722
182 727
182 929
183 205
183 418
183 455
183 468
183 681
183 768
183 839
183 884
184 308
184 338
184 404
184 477
184 535
184 723
184 865
184 947
184 952
185 259
185 351
185 726
185 948
186 246
186 259
186 289
186 409
186 436
186 529
186 552
186 607
186 728
186 954
187 255
187 353
187 387
187 485
187 564
187 663
187 892
188 235
188 239
188 247
188 267
188 350
188 365
188 372
188 527
188 713
188 753
188 846
188 866
188 926
189 196
189 338
189 452
189 574
189 674
189 680
189 750
190 221
190 285
190 311
190 392
190 413
190 525
190 531
190 557
190 621
190 752
190 810
191 722
191 725
191 731
191 854
191 982
192 359
192 456
192 480
192 512
192 577
192 604
192 698
192 859
192 879
192 902
193 266
193 294
193 333
193 396
193 402
193 470
193 572
193 580
193 675
193 684
193 835
193 852
193 897
194 273
194 282
194 333
194 364
194 451
194 548
194 846
194 856
194 865
194 940
195 293
195 318
195 384
195 511
195 592
195 667
195 784
195 850
195 974
196 329
196 402
196 578
196 623
196 660
196 696
196 744
196 770
196 830
196 858
197 250
197 272
197 280
197 451
197 557
197 589
197 771
197 778
198 205
198 217
198 386
198 491
198 547
198 581
198 657
198 819
198 869
198 873
198 946
199 560
199 621
199 728
199 779
199 792
199 797
199 866
199 936
199 949
199 958
200 204
200 297
200 452
200 542
200 714
200 735
200 810
200 834
200 860
200 894
201 265
201 284
201 426
201 434
201 674
201 727
201 797
201 853
201 907
202 309
202 380
202 672
202 755
202 950
203 219
203 442
203 468
203 487
203 491
203 567
203 595
203 684
203 720
203 768
203 829
204 425
204 464
204 490
204 665
204 688
204 996
205 237
205 240
205 396
205 674
205 720
205 755
205 795
205 974
206 255
206 372
206 396
206 412
206 416
206 487
206 494
206 498
206 665
206 837
207 596
207 812
207 978
208 297
208 317
208 341
208 415
208 511
208 532
208 551
208 644
208 783
208 900
209 300
209 493
209 615
209 838
209 849
209 899
209 939
210 379
210 764
211 293
211 318
211 393
211 509
211 541
211 625
211 696
211 740
211 847
211 889
212 264
212 420
212 488
212 495
212 531
212 561
212 957
213 513
213 645
213 751
213 767
213 802
213 872
213 888
214 253
214 257
214 274
214 369
214 595
214 609
214 765
214 766
214 833
214 877
214 883
214 897
215 398
215 432
215 450
215 657
215 664
215 680
215 826
215 848
215 874
215 903
215 955
216 297
216 303
216 371
216 443
216 464
216 492
216 510
216 745
216 912
216 921
216 991
217 385
217 442
217 576
217 587
217 623
217 654
217 666
217 674
217 705
217 776
217 838
218 268
218 361
218 393
218 500
218 533
218 550
218 664
218 686
218 959
219 260
219 277
219 327
219 425
219 461
219 489
219 712
219 823
219 890
219 905
219 961
219 967
220 385
220 427
220 594
220 784
220 950
221 400
221 504
221 579
221 617
221 709
221 776
221 844
221 914
221 935
221 987
222 285
222 294
222 307
222 395
222 437
222 516
222 672
222 751
222 785
222 812
222 834
222 858
222 912
222 919
222 949
223 458
223 614
223 625
223 647
223 700
223 713
223 726
224 233
224 281
224 342
224 543
224 633
224 819
224 824
225 234
225 257
225 260
225 358
225 448
225 783
225 791
225 845
226 297
226 345
226 488
226 625
226 750
226 928
227 528
227 552
227 616
227 669
227 817
227 881
227 967
228 309
228 440
228 764
228 868
228 937
228 970
229 441
229 709
229 932
230 295
230 314
230 472
230 474
230 563
230 588
230 767
230 954
230 972
231 273
231 327
231 394
231 399
231 529
231 808
231 962
232 414
232 502
232 504
232 568
232 581
232 656
232 865
232 887
232 998
233 322
233 490
233 565
233 634
233 650
233 917
233 937
233 948
233 963
233 964
233 975
234 317
234 333
234 579
234 592
234 600
234 652
234 736
234 808
234 828
235 247
235 289
235 401
235 976
236 311
236 318
236 349
236 373
236 431
236 625
236 646
236 698
236 699
236 750
236 760
236 804
236 953
237 305
237 402
237 415
237 815
237 902
237 925
237 953
237 996
238 490
238 605
238 615
238 714
238 893
238 899
238 905
239 248
239 281
239 480
239 670
240 305
240 436
240 489
240 508
240 520
240 544
240 810
240 897
240 909
240 992
241 367
241 402
241 482
241 493
241 627
241 860
241 861
242 599
242 619
242 917
243 297
243 435
243 601
243 607
243 614
243 690
243 828
243 909
244 346
244 581
244 663
244 866
244 874
244 910
244 927
244 932
245 248
245 369
245 381
245 484
245 633
245 837
245 874
246 390
246 428
246 494
246 728
247 445
247 498
247 509
247 615
247 644
247 737
247 915
247 953
248 434
248 497
248 591
248 681
248 729
248 763
248 999
249 267
249 479
249 520
249 744
249 853
249 938
250 273
250 307
250 324
250 453
250 485
250 517
250 638
250 724
250 938
250 975
250 983
250 995
251 336
251 360
251 374
251 523
251 695
251 714
252 279
252 306
252 351
252 369
252 476
252 528
252 694
252 751
252 755
252 793
252 862
252 937
253 256
253 315
253 478
253 637
253 786
253 810
253 916
253 942
254 411
254 423
254 895
255 312
255 863
255 925
256 276
256 348
256 413
256 517
256 604
256 736
256 939
257 259
257 543
257 612
257 635
258 271
258 280
258 639
258 645
258 696
258 762
258 879
258 881
258 940
258 994
259 266
259 451
259 543
259 574
259 652
259 796
259 925
259 956
260 512
260 714
260 751
260 764
260 771
260 772
260 876
261 268
261 323
261 377
261 522
261 678
261 752
261 850
261 926
262 366
262 446
262 469
262 558
262 675
262 761
262 816
262 830
262 885
263 277
263 372
263 810
263 866
263 878
263 879
263 924
264 275
264 278
264 427
264 429
264 545
264 811
264 977
265 322
265 411
265 446
265 465
265 607
265 918
265 939
265 998
266 327
266 351
266 353
266 379
266 565
266 765
266 806
266 836
266 847
266 863
267 283
267 327
267 579
267 657
267 700
267 832
268 369
268 396
268 423
268 566
268 763
268 790
269 338
269 418
269 419
269 459
269 499
269 810
270 392
270 498
270 552
270 948
270 992
271 746
272 302
272 323
272 601
272 651
272 798
272 891
272 901
272 949
273 360
273 423
273 429
273 594
273 635
273 881
273 899
274 297
274 414
274 657
274 667
274 690
274 817
274 956
275 538
275 554
275 627
275 663
275 725
275 759
276 424
276 527
276 896
277 401
277 403
277 493
277 569
277 669
277 731
277 870
278 331
278 611
278 641
278 652
278 695
278 823
278 826
278 839
278 906
278 951
279 298
279 329
279 389
279 415
279 468
279 474
279 727
279 821
279 889
280 347
280 439
280 487
280 806
280 812
281 519
281 682
281 784
281 976
282 420
282 713
282 737
282 767
282 777
282 870
283 529
283 843
283 954
283 982
284 379
284 409
284 441
284 560
284 626
284 692
284 708
284 924
285 382
285 659
285 773
285 930
285 961
286 288
286 493
286 533
286 571
286 635
286 668
286 785
286 884
286 904
287 304
287 346
287 554
287 676
287 806
287 829
287 842
287 874
288 325
288 396
288 437
288 535
288 611
288 622
288 935
289 449
289 545
289 734
290 301
290 342
290 413
290 443
290 823
290 826
290 827
290 880
290 924
290 932
290 955
291 591
291 651
291 659
291 864
291 898
292 402
292 554
292 611
292 621
292 626
292 924
293 309
293 779
293 929
294 430
294 467
294 793
294 865
294 911
294 988
295 307
295 385
295 423
295 533
295 813
295 927
295 966
296 384
296 391
296 525
296 545
296 552
296 558
296 690
296 692
296 726
296 806
296 851
296 867
296 878
297 313
297 345
297 478
297 619
297 661
297 759
297 765
297 813
298 366
298 619
298 811
298 829
298 865
298 913
298 986
298 993
299 332
299 384
299 432
299 459
299 595
299 615
299 940
300 422
300 456
300 465
300 550
300 577
300 607
300 651
301 309
301 373
301 421
301 483
301 646
301 693
301 800
301 905
301 936
302 505
302 755
302 818
302 836
302 932
302 950
302 963
303 322
303 383
303 559
303 582
303 816
303 849
303 892
304 370
304 448
304 481
304 885
305 520
305 536
305 634
305 664
305 738
305 817
305 887
305 936
306 334
306 466
306 568
306 625
306 662
306 699
306 711
306 814
306 847
306 897
306 953
307 310
307 354
307 461
307 496
307 509
307 510
307 545
307 547
307 879
308 319
308 368
308 429
308 452
308 467
308 594
308 610
308 901
309 320
309 389
309 425
309 567
309 585
309 646
309 851
310 366
310 372
310 478
310 486
310 515
310 533
310 570
310 879
310 915
311 315
311 888
312 399
312 405
312 409
312 478
312 659
312 676
313 460
313 471
313 582
313 628
313 795
314 356
314 523
314 559
314 563
314 608
314 662
314 754
314 826
315 324
315 461
315 573
315 698
315 949
315 989
316 348
316 527
316 662
316 663
316 744
316 761
316 952
317 671
317 686
317 741
317 779
317 977
318 319
318 403
318 833
318 909
319 356
319 413
319 439
319 533
319 912
320 381
320 491
320 492
320 625
320 770
320 864
320 970
321 439
321 474
321 705
321 855
321 968
322 346
322 407
322 501
322 558
322 576
322 832
322 892
322 915
323 482
323 622
323 698
323 720
323 804
324 591
324 611
324 769
324 939
324 943
325 355
325 614
325 748
325 877
326 529
326 537
326 722
326 754
326 762
326 774
326 850
326 922
326 969
327 487
327 606
327 623
327 657
327 720
327 762
327 768
327 913
328 369
328 519
328 552
328 673
328 676
328 725
328 763
328 774
328 900
328 967
329 366
329 373
329 654
329 739
329 761
329 837
329 915
330 946
331 441
331 546
331 629
331 663
331 829
331 950
332 337
332 403
332 552
332 604
332 721
332 815
332 871
332 959
333 658
333 710
333 844
334 340
334 361
334 487
334 643
334 679
334 798
334 904
334 905
334 950
335 421
335 485
335 501
335 683
335 756
335 773
335 821
335 973
335 982
336 345
336 392
336 467
336 688
336 910
336 922
337 365
337 390
337 404
337 462
337 528
337 635
337 679
337 700
337 848
338 442
338 575
339 436
339 483
339 512
339 578
339 623
339 690
339 779
339 915
340 401
340 739
340 773
340 977
341 402
341 446
341 478
341 533
341 802
341 900
341 915
342 445
342 523
342 639
342 644
342 672
342 693
342 733
342 765
342 802
343 351
343 365
343 431
343 469
343 483
343 535
343 771
343 935
343 947
344 630
344 662
344 722
344 876
344 912
345 609
345 742
345 861
345 904
345 951
346 508
346 532
346 681
347 402
347 412
347 431
347 490
347 522
347 691
347 698
347 803
347 893
348 553
348 859
348 875
348 882
348 900
348 992
349 717
349 749
349 818
349 863
350 515
350 609
350 696
350 741
350 783
350 819
351 564
351 613
351 623
352 505
352 647
352 737
352 830
352 877
352 915
353 428
353 450
354 389
354 435
354 455
354 664
354 839
354 879
354 885
355 387
355 452
355 530
355 540
355 791
356 565
356 887
356 991
357 371
357 479
357 593
357 615
357 704
357 951
357 971
358 413
358 523
358 566
358 681
358 787
358 932
359 487
359 536
359 591
359 924
359 965
360 423
360 489
360 868
360 950
361 612
361 748
361 810
361 934
361 940
361 968
361 969
362 390
362 638
362 649
362 656
362 835
362 924
363 374
363 431
363 479
363 490
363 553
363 559
363 561
363 567
363 643
363 790
363 851
363 861
363 942
363 976
363 989
364 456
364 464
364 641
364 894
365 400
365 602
365 622
365 725
365 768
365 833
365 844
365 897
366 432
366 496
366 530
366 859
366 976
367 550
367 578
367 622
367 995
368 478
368 511
368 536
368 716
368 750
368 860
368 871
369 373
369 590
369 619
369 622
369 652
369 682
369 808
369 880
370 601
370 705
370 860
370 943
371 460
371 794
371 928
372 484
372 528
372 670
372 687
372 718
372 767
372 826
373 652
373 990
374 484
374 604
374 928
375 464
375 482
375 520
375 571
375 664
375 668
375 790
375 819
375 912
375 968
376 432
376 492
376 618
376 628
376 697
377 462
377 615
377 723
377 784
377 872
377 931
377 978
378 402
378 410
378 435
378 532
378 634
378 918
378 950
379 475
379 517
379 690
379 771
379 941
380 480
380 541
380 710
380 730
380 778
380 995
381 394
381 406
381 459
381 546
381 619
381 737
381 832
381 876
381 937
382 478
382 524
382 639
382 736
382 863
382 871
383 470
383 522
383 625
383 712
383 714
383 999
384 647
384 731
384 791
384 848
385 663
385 749
385 893
385 914
385 940
386 553
386 611
386 659
386 709
386 751
386 763
386 772
386 985
387 438
387 443
387 444
387 645
387 727
387 743
387 960
388 499
388 509
388 581
388 611
388 654
388 722
388 731
388 891
388 982
389 457
389 490
389 577
389 836
389 846
389 931
389 977
390 670
390 846
390 854
390 883
390 892
390 895
390 921
391 602
391 790
391 849
391 950
392 427
392 621
392 689
392 923
392 977
393 417
393 474
393 535
393 619
393 706
393 835
394 537
394 858
394 996
395 517
395 572
395 715
395 754
395 858
395 879
395 892
395 896
395 981
395 986
396 430
396 521
396 600
396 620
396 630
396 698
396 704
396 736
396 861
397 435
397 498
397 886
397 933
398 471
398 731
398 819
398 904
398 963
398 983
399 403
399 436
399 500
399 523
399 590
399 681
400 600
400 601
400 672
400 765
400 857
400 858
400 951
401 463
401 478
401 618
401 714
401 751
401 801
401 861
402 410
402 418
402 580
402 654
402 683
402 815
402 932
402 980
403 405
403 505
403 523
403 540
403 566
403 588
403 621
403 729
403 750
403 754
403 841
403 925
403 953
404 422
404 558
404 873
404 951
404 962
405 413
405 467
405 630
405 716
405 731
405 741
405 823
405 842
405 919
405 936
406 412
406 501
406 535
406 751
406 957
407 425
407 545
407 730
407 832
407 856
408 475
408 499
408 531
408 819
408 889
408 960
408 987
409 630
409 693
409 974
410 463
410 489
410 674
410 711
410 779
410 899
410 909
410 920
411 412
411 552
411 578
411 721
411 862
412 482
412 540
412 562
412 630
412 682
412 832
412 848
412 898
412 899
412 928
412 934
413 430
413 562
413 563
413 625
413 661
413 767
413 829
413 914
414 463
414 586
414 828
414 887
414 979
415 708
415 781
416 422
416 576
416 604
416 611
416 626
416 937
416 943
417 716
417 916
417 940
418 427
418 545
418 590
418 726
418 729
418 768
418 836
418 903
418 916
419 529
419 555
419 600
419 615
419 721
419 835
419 894
419 979
420 428
420 545
420 558
420 681
420 689
420 807
420 904
420 930
420 975
420 986
421 489
422 622
422 650
422 844
422 948
423 512
423 624
423 745
423 812
423 903
424 583
424 653
424 668
424 797
424 932
425 936
425 982
426 765
427 589
427 614
427 763
427 920
428 574
429 468
429 470
429 525
429 581
429 871
429 990
430 638
430 660
430 706
430 733
430 753
430 824
430 873
430 874
430 960
430 970
431 759
431 937
432 494
432 510
432 622
432 646
432 707
432 911
432 929
433 608
433 667
433 709
433 740
433 847
433 889
433 904
433 973
434 449
434 451
434 476
434 483
434 632
434 772
434 791
434 804
434 915
434 956
434 984
435 778
435 779
435 842
435 869
435 879
435 999
436 517
436 602
436 619
436 666
436 748
436 757
436 833
436 841
436 853
436 864
437 566
437 654
437 690
437 761
438 612
438 823
438 847
439 531
439 624
439 640
439 734
439 866
439 988
440 685
440 687
440 706
440 729
440 738
440 748
440 770
440 776
440 871
441 729
441 854
442 587
442 595
442 630
442 653
443 611
443 640
443 715
443 852
443 863
443 899
443 910
444 631
444 719
444 854
444 868
444 952
445 514
445 621
445 708
445 773
445 811
446 730
447 491
447 536
447 593
447 748
447 791
447 865
447 896
448 585
448 757
448 821
449 647
449 691
449 701
449 736
449 749
449 978
450 578
450 585
450 607
450 790
450 923
450 954
450 995
451 503
451 511
451 752
451 948
451 980
452 578
452 604
452 638
452 670
452 690
452 796
452 819
452 827
452 916
452 928
452 953
453 485
453 518
453 567
453 606
453 630
453 685
454 527
454 576
454 838
454 843
455 643
455 645
455 872
456 459
456 546
456 619
456 691
456 742
456 774
456 827
456 869
456 908
456 935
457 521
457 567
457 773
458 470
458 547
458 554
458 711
458 726
458 985
459 483
459 738
459 754
459 866
459 872
459 905
459 936
459 956
460 493
460 518
460 547
460 579
460 869
461 535
461 938
461 983
462 598
462 749
462 965
463 476
463 574
463 746
463 793
463 831
463 840
464 529
464 530
464 618
464 621
464 680
464 767
464 789
464 880
464 886
465 515
465 691
465 798
465 830
465 894
465 985
466 511
466 767
466 785
466 790
466 854
467 502
467 560
467 567
467 637
467 678
467 897
467 912
467 959
468 564
468 617
468 738
468 841
469 482
469 617
469 639
469 651
469 684
469 750
469 811
469 831
469 847
469 942
470 534
470 731
470 937
471 499
471 626
471 808
471 834
471 897
471 942
472 559
472 620
472 710
472 784
472 841
472 881
473 546
473 663
473 673
473 718
473 904
473 910
473 964
474 665
474 881
474 994
475 595
475 724
475 778
476 499
476 514
476 528
476 692
476 796
476 862
476 931
476 982
477 483
477 486
477 745
477 767
477 891
478 564
478 606
478 852
478 904
479 570
479 683
479 871
480 504
480 563
480 565
480 845
481 604
481 810
481 915
481 936
481 941
481 980
482 505
483 582
483 593
483 594
483 605
483 690
484 602
484 642
484 862
484 931
484 991
485 748
485 803
485 876
486 602
486 674
486 742
486 831
486 862
487 539
487 553
487 596
487 606
487 707
487 832
487 992
488 612
488 948
488 979
489 499
489 503
489 627
489 740
489 829
489 978
490 526
490 738
490 900
490 957
490 974
491 531
491 613
491 776
491 902
492 645
492 677
492 858
493 502
493 582
493 900
494 573
494 664
494 709
494 885
494 954
495 958
496 498
496 537
496 555
496 690
496 777
497 571
497 590
497 611
497 657
497 691
497 754
497 874
498 679
498 697
498 760
498 880
498 949
499 576
499 590
499 629
499 803
499 873
499 906
499 952
499 965
499 998
500 644
500 885
500 937
500 983
501 558
502 760
502 783
502 901
502 949
503 645
503 761
503 782
503 877
503 896
504 689
504 791
505 543
505 712
505 853
506 857
506 880
507 541
507 771
507 801
507 892
507 970
508 596
508 866
508 904
508 927
509 788
509 810
510 831
510 870
510 877
510 908
510 910
511 653
511 974
512 541
512 632
512 699
512 738
512 755
512 842
512 865
512 918
512 961
512 983
513 703
513 767
514 612
514 753
514 762
514 788
514 857
514 908
514 932
514 991
515 594
515 797
515 884
515 893
515 928
516 643
516 697
516 755
516 797
517 539
517 549
517 705
517 711
517 858
518 697
518 921
518 995
519 666
519 747
519 763
519 858
520 677
520 698
520 706
520 944
520 973
521 579
521 581
521 664
521 697
521 737
521 748
521 774
521 858
521 930
521 993
522 561
522 586
522 631
522 661
522 823
522 877
522 919
522 993
523 560
523 612
523 739
523 750
523 774
523 778
523 809
523 916
524 604
524 718
524 730
524 771
524 783
524 955
525 826
525 864
525 976
526 787
526 804
526 894
526 902
527 659
527 748
527 862
527 976
527 982
527 994
528 551
528 623
528 718
528 828
528 841
528 849
528 902
529 882
529 906
529 909
529 932
530 641
530 774
530 834
530 840
530 898
531 676
531 833
531 870
531 921
531 986
532 543
532 562
532 609
532 769
532 820
533 655
533 886
533 928
533 957
534 727
535 626
535 784
535 846
536 574
536 627
536 787
536 903
536 908
536 981
537 610
537 655
537 700
537 724
537 763
538 563
538 616
538 724
538 789
538 839
538 930
538 949
539 689
539 938
539 951
540 598
540 635
541 600
541 753
541 783
541 985
542 965
542 982
543 545
543 547
543 721
543 973
544 553
544 642
544 705
544 728
544 785
544 833
544 879
544 987
545 616
545 717
545 721
545 766
546 564
546 702
546 761
546 824
546 837
546 928
547 578
547 583
547 592
547 750
547 776
547 941
547 944
548 581
548 626
548 802
548 883
548 904
548 978
549 590
549 631
549 646
549 785
549 886
550 560
550 711
550 763
550 857
550 951
551 579
551 897
551 930
552 565
552 662
552 896
552 967
553 805
553 893
554 680
554 728
554 783
554 799
554 901
554 942
554 954
555 563
555 581
555 614
555 717
555 740
555 790
555 876
555 912
556 592
556 640
556 643
556 777
556 919
557 619
557 667
557 684
557 952
558 580
558 692
558 792
558 795
559 628
559 795
559 878
559 986
560 627
560 686
560 812
560 840
560 844
560 890
560 922
560 931
560 956
561 693
561 899
561 905
562 621
562 948
563 604
563 632
563 729
563 873
564 773
564 989
565 926
566 586
566 662
566 708
566 733
566 821
566 850
566 852
566 858
566 924
566 954
567 685
567 951
568 653
568 664
568 692
568 792
568 841
568 869
568 904
568 923
568 924
568 945
568 994
569 614
569 818
569 865
570 633
570 698
570 779
570 796
571 574
571 818
572 788
572 848
572 996
573 987
574 737
574 846
574 847
574 883
574 933
575 832
575 998
576 691
576 704
576 740
576 917
577 840
577 964
578 722
578 736
578 739
578 809
578 824
578 910
578 976
579 586
579 785
579 789
580 801
581 637
581 723
581 736
581 880
581 979
582 745
582 808
582 890
582 899
582 961
582 992
583 895
584 594
584 846
584 929
584 961
584 985
585 731
585 894
585 954
585 988
585 996
586 683
586 687
586 705
586 706
586 833
586 871
586 956
587 608
587 628
587 958
588 690
588 708
588 796
588 984
589 804
589 821
590 726
590 761
590 868
591 772
591 840
591 874
591 879
591 896
591 973
591 993
592 673
592 894
592 944
593 638
593 647
593 686
593 689
593 748
593 782
593 908
593 911
593 963
593 968
593 971
594 929
594 954
595 611
595 778
596 612
596 628
596 802
596 832
597 669
597 799
597 803
597 825
597 835
597 904
597 960
598 741
598 933
598 943
598 972
599 648
599 665
599 823
600 635
600 782
600 814
600 831
601 715
601 742
601 770
601 775
601 809
601 887
601 964
601 982
602 632
603 625
603 680
603 747
604 986
605 693
605 744
605 847
605 918
606 646
606 658
606 771
606 813
606 938
607 637
607 837
607 880
608 613
608 659
608 710
608 872
608 914
609 623
609 681
609 892
610 801
610 810
611 664
611 703
612 677
612 815
612 961
613 652
613 672
613 787
613 923
613 989
613 998
614 720
614 810
614 839
614 906
614 960
614 995
615 715
615 753
615 795
615 812
615 910
615 977
615 986
616 756
616 770
616 841
616 847
617 688
617 832
618 763
619 644
619 662
619 923
620 684
621 894
622 774
622 794
622 949
622 987
623 699
623 825
623 834
623 884
624 652
624 711
625 640
625 835
625 917
626 634
626 709
627 833
627 872
627 970
628 789
629 701
629 741
629 795
629 966
630 708
630 951
630 975
631 693
631 770
631 902
632 672
632 693
632 696
632 721
633 736
633 948
633 949
633 963
633 964
633 969
634 838
634 902
634 934
634 956
635 672
635 708
635 736
635 984
636 739
636 745
636 773
636 787
636 843
636 913
636 987
637 707
637 776
637 812
637 837
637 876
637 887
638 799
639 873
640 751
640 793
640 855
641 658
641 730
641 746
641 804
641 981
641 984
643 916
644 748
644 779
644 788
644 809
644 918
644 994
645 646
645 670
645 673
645 696
645 781
646 690
646 701
646 847
647 852
647 936
647 977
648 760
648 821
648 934
648 991
649 844
649 858
649 952
650 668
650 761
650 856
652 709
652 849
652 894
652 896
653 865
653 922
653 964
654 669
654 684
654 700
654 835
654 849
654 914
654 926
655 726
655 875
655 982
656 667
656 866
656 992
658 888
658 957
658 986
659 745
660 697
660 744
661 673
661 754
661 759
661 810
662 752
662 754
662 868
662 886
663 827
665 679
665 781
665 945
666 760
666 812
666 891
666 894
667 853
667 921
668 685
668 693
668 797
668 798
668 867
668 898
668 907
668 911
668 986
669 728
669 800
669 903
669 939
670 707
670 717
670 729
670 791
670 859
670 866
670 896
670 947
670 952
671 725
671 783
672 967
673 801
674 724
674 740
674 778
674 871
674 875
674 920
674 943
674 957
677 696
677 789
677 823
677 829
677 992
678 703
678 757
678 900
678 922
679 711
679 956
679 958
679 998
680 765
680 884
680 995
681 721
681 725
681 795
681 979
682 883
682 903
682 964
683 708
683 894
684 775
684 791
684 833
684 890
684 903
684 910
684 963
685 755
685 797
685 925
686 873
686 923
687 698
687 803
687 835
687 874
688 792
688 857
688 993
689 727
689 739
689 752
689 913
689 919
690 693
690 793
690 862
691 719
691 776
691 814
691 833
692 746
692 891
692 953
693 696
693 869
693 928
693 948
693 953
694 803
694 829
694 894
694 910
694 920
695 776
695 898
695 979
696 857
696 869
697 815
697 874
697 881
697 925
698 743
698 768
698 928
698 946
698 981
699 964
700 709
700 732
700 794
700 821
700 919
700 989
701 844
702 834
702 857
702 869
702 927
702 953
703 883
704 913
705 742
705 847
705 852
705 894
706 724
706 873
706 879
706 909
706 922
707 805
707 829
707 998
708 901
709 760
709 812
710 800
710 931
710 972
712 817
712 927
712 930
712 976
712 983
713 793
714 784
714 800
714 821
714 838
714 855
714 916
715 876
715 911
715 954
715 964
716 901
717 945
718 835
719 772
719 842
720 732
720 780
720 880
720 905
721 757
721 783
721 812
721 823
721 828
721 844
722 895
722 921
722 964
722 969
723 806
723 974
724 818
725 776
725 859
726 863
727 808
727 868
727 869
727 948
728 901
728 960
728 961
730 791
730 938
730 994
731 878
731 938
731 958
732 770
732 942
732 948
733 740
733 776
733 786
733 875
734 890
734 932
735 740
735 752
735 888
735 924
736 794
736 948
736 970
737 853
738 756
738 812
738 889
738 896
739 808
739 825
739 963
740 910
741 814
741 838
741 977
742 992
743 933
744 835
744 907
744 912
744 942
745 759
745 761
745 787
746 776
746 825
747 913
747 956
748 956
748 986
749 797
749 867
749 938
749 956
749 964
750 819
750 881
751 782
752 823
752 869
752 913
752 927
753 774
753 887
753 900
753 976
755 789
755 917
757 818
757 936
757 987
758 814
758 838
759 872
759 919
760 818
760 897
760 954
760 972
760 976
761 859
761 886
762 820
763 797
763 853
764 773
764 846
764 851
764 874
764 914
764 960
765 788
765 858
766 910
766 972
767 768
767 779
767 972
768 778
768 830
769 782
769 851
770 834
770 840
770 905
771 821
771 938
772 941
773 878
774 775
774 845
774 927
776 935
776 964
777 813
777 857
777 923
777 952
777 963
778 919
779 788
779 797
779 835
779 852
779 882
780 983
780 984
781 809
781 894
782 788
782 808
782 833
782 909
782 915
783 943
783 994
784 835
784 856
785 914
788 821
788 863
788 868
790 863
790 939
790 972
791 997
792 859
792 895
792 967
792 971
794 799
795 965
795 966
796 811
796 864
796 945
797 868
797 920
797 965
798 853
798 911
798 939
798 950
799 844
799 951
800 826
800 947
801 877
801 903
801 951
802 804
802 883
802 979
803 838
803 918
804 861
806 971
807 821
807 951
807 982
808 820
808 871
808 873
808 938
808 963
808 993
809 827
809 958
809 995
810 992
811 955
812 900
812 984
813 878
815 932
815 970
816 857
816 869
817 893
817 897
817 906
817 907
817 981
818 825
820 827
820 861
821 979
822 840
822 893
823 854
823 920
823 931
823 949
824 838
824 846
824 918
825 853
825 857
825 887
825 933
826 866
826 940
826 990
827 846
827 863
827 934
827 998
828 869
828 911
828 991
829 832
829 889
830 862
830 863
831 887
832 946
834 957
834 971
837 878
837 925
839 957
840 845
841 952
843 850
843 985
843 989
844 881
844 925
844 960
844 966
845 879
847 852
847 862
847 926
848 902
849 917
850 894
850 920
850 942
850 982
851 974
852 894
852 966
853 909
853 930
853 939
853 986
855 864
856 894
857 944
858 906
858 926
858 973
859 908
859 923
861 959
861 979
862 924
862 967
863 955
863 956
864 927
864 964
865 877
865 883
866 868
866 880
869 899
869 929
869 936
871 895
872 896
872 967
872 987
872 991
875 943
876 897
876 988
877 997
880 900
880 966
881 978
883 991
885 888
885 940
885 951
888 912
888 987
891 905
891 921
892 893
892 968
892 985
893 937
893 939
893 945
896 989
897 964
897 967
898 949
898 954
899 918
899 932
900 982
900 993
901 920
901 958
902 997
903 939
905 976
905 980
905 982
906 994
908 948
912 927
913 990
917 998
918 953
920 926
922 943
922 970
926 933
927 961
929 987
935 972
936 976
937 991
938 950
938 972
939 941
940 961
940 977
942 946
942 999
945 992
948 985
949 989
950 960
950 987
951 981
952 999
954 988
955 986
957 962
957 998
958 986
964 997
969 999
972 980
974 980
987 997
994 998
