1000 4909
0 218
0 319
0 656
0 813
0 930
1 185
1 299
1 316
1 327
1 528
1 817
1 862
1 871
1 935
1 943
1 969
2 53
2 76
2 96
2 255
2 284
2 446
2 472
2 618
2 677
2 810
2 863
2 882
2 886
3 92
3 239
3 328
3 335
3 361
3 479
3 665
3 676
3 721
3 726
3 816
3 874
3 878
4 25
4 128
4 172
4 177
4 289
4 295
4 361
4 528
4 663
4 787
5 379
5 433
5 461
5 612
6 34
6 131
6 175
6 230
6 359
6 405
6 417
6 479
6 617
6 741
6 822
6 922
6 986
7 378
7 518
7 811
7 818
7 819
7 896
7 907
8 64
8 220
8 256
8 292
8 460
8 495
8 501
8 524
8 650
8 752
8 764
8 916
9 180
9 228
9 271
9 378
9 396
9 497
9 529
9 550
9 951
10 36
10 205
10 292
10 336
10 389
10 711
10 770
10 844
10 927
11 131
11 186
11 200
11 267
11 319
11 489
11 571
11 791
11 809
11 810
11 910
11 945
12 195
12 256
12 344
12 436
12 456
12 560
12 809
13 26
13 176
13 279
13 283
13 390
13 558
13 583
13 656
13 786
13 816
14 424
14 688
14 726
14 852
14 919
15 38
15 159
15 211
15 240
15 257
15 410
15 680
15 989
16 157
16 214
16 421
16 438
16 578
16 639
16 647
16 749
16 784
17 143
17 183
17 356
17 485
17 531
17 603
17 856
17 858
17 909
17 961
18 98
18 147
18 202
18 484
18 558
18 605
19 104
19 115
19 119
19 140
19 214
19 411
19 478
19 496
19 545
19 567
19 620
19 766
19 836
19 997
20 315
20 415
20 437
20 482
20 550
20 588
20 843
21 325
21 367
21 374
21 452
21 489
21 504
21 518
21 617
21 678
21 914
22 79
22 130
22 179
22 556
22 586
22 674
22 712
23 101
23 278
23 596
23 623
23 770
23 809
24 193
24 418
24 442
24 562
24 855
24 877
24 972
25 85
25 148
25 152
25 189
25 191
25 330
25 430
25 479
25 511
25 517
25 835
25 892
25 981
26 151
26 271
26 329
26 356
26 409
26 575
26 576
26 627
26 628
26 739
26 787
27 118
27 218
27 362
27 494
27 511
27 528
27 748
27 864
27 877
28 330
28 419
28 428
28 458
28 737
28 792
28 857
28 859
28 886
28 992
28 996
29 177
29 178
29 412
29 455
29 572
29 602
29 750
29 854
29 881
30 155
30 253
30 304
30 310
30 360
30 487
30 496
30 513
30 620
30 746
30 771
30 787
31 90
31 100
31 396
31 403
31 439
31 520
31 818
31 876
32 41
32 215
32 379
32 536
32 553
32 567
32 631
32 810
32 855
32 902
33 136
33 407
33 437
33 457
33 505
33 590
33 684
33 721
33 897
33 902
33 911
34 322
34 352
34 381
34 571
34 826
34 827
34 930
34 945
35 117
35 197
35 214
35 285
35 423
35 575
35 685
35 792
35 814
36 151
36 240
36 305
36 324
36 372
36 410
36 479
36 572
36 609
36 758
36 772
36 868
36 915
36 947
37 198
37 281
37 484
37 797
38 74
38 103
38 243
38 248
38 262
38 370
38 567
38 968
39 105
39 386
39 518
39 580
39 590
39 607
39 683
39 720
39 748
39 787
39 806
39 819
39 837
39 915
39 923
40 55
40 203
40 281
40 373
40 463
40 467
40 562
40 603
40 632
41 67
41 93
41 197
41 546
41 710
41 736
41 737
41 767
42 96
42 203
42 205
42 430
42 544
42 787
43 206
43 392
43 505
43 628
43 719
43 964
44 83
44 808
44 819
44 822
44 863
45 96
45 113
45 235
45 278
45 398
45 453
45 500
45 507
45 550
45 717
45 740
45 773
45 860
45 870
45 973
46 241
46 318
46 341
46 357
46 378
46 728
47 108
47 166
47 586
47 709
47 793
47 906
47 962
47 988
48 141
48 354
48 366
48 400
48 460
48 470
48 619
48 668
48 794
48 912
49 50
49 73
49 173
49 226
49 371
49 507
49 725
49 734
49 830
49 832
49 925
49 998
50 126
50 137
50 195
50 555
50 593
50 950
51 667
51 701
52 90
52 201
52 222
52 275
52 280
52 342
52 474
52 583
52 807
52 811
52 871
52 922
53 106
53 180
53 224
53 299
53 436
53 661
54 58
54 93
54 97
54 137
54 153
54 227
54 795
54 953
55 189
55 203
55 379
55 439
55 812
55 835
55 877
55 908
55 926
55 985
56 263
56 482
57 196
57 213
57 258
57 395
57 509
57 599
57 797
57 839
57 887
58 331
58 423
58 458
58 611
58 809
58 914
58 975
59 141
59 166
59 253
59 256
59 449
59 879
59 944
60 85
60 267
60 276
60 325
60 392
60 396
60 531
60 555
60 626
61 190
61 230
61 485
61 557
61 716
62 75
62 155
62 318
62 417
62 506
62 713
62 985
62 986
63 478
63 717
64 158
64 307
64 392
64 407
64 645
64 659
64 714
64 800
64 860
64 936
64 949
64 952
65 104
65 182
65 212
65 349
65 352
65 418
65 507
65 598
65 822
65 888
65 957
66 93
66 182
66 384
66 526
66 577
66 659
67 422
67 491
67 498
67 525
67 558
67 866
67 900
68 114
68 145
68 207
68 252
68 312
68 336
68 434
68 448
68 457
68 464
68 472
68 495
68 563
68 721
68 862
69 216
69 234
69 291
69 374
69 421
69 643
69 647
69 691
69 792
69 947
70 154
70 293
70 354
70 747
70 767
70 896
71 290
71 360
71 362
71 385
71 600
71 670
71 741
71 949
71 987
72 80
72 161
72 245
72 379
72 476
72 591
72 851
73 126
73 136
73 276
73 287
73 417
73 489
73 539
73 624
73 710
73 718
73 749
73 804
73 866
74 168
74 237
74 409
74 433
74 464
74 510
74 622
74 742
74 886
74 924
74 939
74 989
75 93
75 95
75 144
75 194
75 316
75 341
75 351
75 498
75 531
75 644
75 814
75 939
76 129
76 148
76 383
76 391
76 448
76 658
76 689
76 782
76 827
76 846
76 874
77 83
77 265
77 538
77 693
77 723
77 799
77 845
77 856
77 958
78 275
78 313
78 339
78 412
78 416
78 559
78 614
78 664
78 683
78 776
78 833
78 892
78 914
78 998
79 90
79 118
79 122
79 130
79 211
79 292
79 341
79 344
79 356
79 552
79 697
80 189
80 196
80 373
80 505
80 531
80 598
80 858
80 935
80 954
80 973
81 89
81 127
81 133
81 270
81 276
81 413
81 438
81 466
81 505
81 603
81 656
81 803
81 955
82 212
82 334
82 405
82 631
82 705
83 266
83 305
83 309
83 429
83 474
83 475
83 477
83 582
83 616
83 646
83 806
83 864
83 968
84 141
84 378
84 449
84 498
84 503
84 507
84 541
84 560
84 774
84 810
84 977
84 982
85 184
85 310
85 377
85 396
85 542
85 879
85 951
85 975
86 203
86 214
86 312
86 325
86 340
86 711
86 890
87 529
87 707
87 826
88 113
88 257
88 387
88 537
88 618
88 622
88 628
88 647
89 303
89 507
89 512
89 569
89 733
89 764
89 802
90 259
90 324
90 496
90 526
90 706
90 733
90 774
90 842
90 884
90 888
90 897
91 162
91 179
91 363
91 412
91 747
91 807
91 924
92 783
92 876
92 992
93 129
93 151
93 361
93 482
93 566
93 574
93 588
93 777
93 881
94 198
94 320
94 489
94 504
94 581
94 586
94 626
94 712
94 734
94 866
94 951
94 998
95 198
95 283
95 289
95 568
95 571
95 575
95 681
95 929
96 139
96 191
96 271
96 355
96 457
96 468
96 534
96 640
96 752
97 177
97 395
97 431
97 653
97 708
97 720
97 756
97 783
97 897
98 134
98 247
98 258
98 272
98 274
98 341
98 422
98 434
98 457
98 486
98 556
98 588
98 734
98 737
98 853
98 912
99 147
99 162
99 481
99 521
99 745
99 753
99 769
99 898
99 983
100 326
100 377
100 381
100 406
100 502
100 505
100 635
100 756
100 857
100 875
100 915
100 959
100 982
101 197
101 277
101 388
101 406
101 421
101 449
101 486
101 494
101 562
101 816
101 874
101 922
102 259
102 484
102 489
102 764
102 780
102 908
103 182
103 184
103 586
103 609
103 651
103 664
103 712
103 931
104 144
104 188
104 220
104 226
104 308
104 311
104 370
104 512
104 536
104 650
104 720
104 771
104 781
104 829
105 334
105 421
105 456
105 585
105 618
105 720
105 782
105 847
105 885
105 900
105 910
105 939
106 134
106 208
106 447
106 489
106 529
106 746
106 766
106 901
106 927
106 937
106 942
107 497
107 544
107 687
107 708
107 891
108 115
108 175
108 322
108 825
108 932
108 976
109 232
109 247
109 274
109 296
109 316
109 466
109 485
109 534
109 547
109 875
109 897
109 921
109 942
110 125
110 351
110 364
110 453
110 463
110 469
110 584
110 635
110 657
110 659
110 681
110 770
110 789
110 819
110 925
110 979
110 991
111 155
111 211
111 240
111 256
111 390
111 562
111 772
111 942
112 176
112 189
112 282
112 292
112 332
112 436
112 444
112 537
112 568
112 620
112 636
112 674
112 729
112 741
112 754
112 795
112 876
112 913
112 938
112 943
113 138
113 391
113 440
113 461
113 537
113 818
113 820
114 356
114 531
114 624
114 731
115 186
115 237
115 384
115 656
115 835
115 954
116 195
116 196
116 205
116 251
116 257
116 438
116 521
116 654
116 682
116 779
116 988
117 144
117 241
117 318
117 449
117 480
117 713
117 811
117 860
117 906
117 990
118 126
118 373
118 433
118 495
118 570
118 872
118 878
118 955
118 993
119 154
119 319
119 384
119 481
119 606
119 709
119 724
119 856
119 946
120 130
120 179
120 324
120 381
120 492
120 585
120 619
120 635
120 752
120 957
121 132
121 192
121 382
121 424
121 496
121 554
121 564
121 565
121 758
121 788
121 799
121 846
121 966
122 327
122 350
122 583
122 636
122 770
123 269
123 284
123 287
123 340
123 542
123 630
123 637
123 836
123 904
123 922
124 150
124 236
124 257
124 339
124 378
124 699
124 805
125 300
125 414
125 636
125 715
125 824
125 867
125 924
126 264
126 413
126 532
126 543
126 571
126 740
126 845
126 884
126 914
126 956
126 979
126 996
127 158
127 206
127 223
127 238
127 304
127 310
127 323
127 336
127 370
127 513
127 585
127 629
127 948
128 148
128 197
128 342
128 468
128 561
128 582
128 630
128 742
128 990
129 217
129 227
129 311
129 323
129 430
129 546
129 573
129 675
129 829
129 881
129 885
130 159
130 319
130 321
130 645
130 730
130 917
131 156
131 182
131 227
131 450
131 619
131 744
132 167
132 398
132 400
132 537
132 583
132 612
132 617
132 722
132 747
133 163
133 203
133 653
133 656
133 751
133 832
133 995
134 268
134 296
134 301
134 310
134 444
134 458
134 642
134 739
135 136
135 173
135 277
135 330
135 349
135 355
135 453
135 513
135 566
135 612
135 884
135 936
135 954
136 273
136 281
136 399
136 464
136 498
136 807
137 314
137 387
137 453
137 552
137 602
137 639
137 667
137 714
137 895
138 156
138 172
138 590
138 613
138 748
138 771
138 840
139 315
139 323
139 382
139 389
139 507
139 586
139 877
139 974
139 979
140 484
140 506
140 516
140 622
140 981
141 175
141 241
141 814
142 236
142 492
142 597
142 612
143 166
143 422
143 429
143 516
143 577
143 579
143 694
143 761
143 948
143 952
144 147
144 193
144 470
144 562
144 576
144 660
144 907
144 914
145 187
145 245
145 336
145 353
145 359
145 538
145 695
146 206
146 310
146 522
146 617
146 690
146 786
146 845
146 901
146 914
146 954
146 989
147 354
147 366
147 512
147 673
147 700
147 858
147 898
147 959
148 235
148 285
148 410
148 499
148 533
148 659
148 750
148 824
149 228
149 264
149 597
149 633
149 650
149 768
149 851
149 852
149 879
150 316
150 430
150 435
150 562
150 571
150 578
150 627
150 684
150 809
150 856
151 167
151 222
151 233
151 319
151 328
151 340
151 532
151 564
151 870
151 970
151 996
152 172
152 590
152 705
152 778
153 266
153 444
153 658
153 889
153 947
153 977
153 984
154 205
154 333
154 348
154 381
154 396
154 397
154 414
154 566
154 621
154 693
154 702
154 817
154 904
154 977
155 271
155 306
155 522
155 527
155 642
155 703
155 713
155 755
155 780
155 805
155 912
156 185
156 749
156 803
157 460
157 497
157 509
157 733
157 993
157 994
158 167
158 175
158 208
158 249
158 286
158 304
158 316
158 319
158 363
158 384
158 427
158 519
158 524
158 566
158 575
158 680
158 691
158 750
158 992
159 164
159 189
159 246
159 305
159 445
159 798
159 978
160 471
160 751
160 885
161 219
161 521
161 982
162 314
162 436
162 689
163 191
163 228
163 354
163 399
163 578
164 187
164 309
164 397
164 501
164 599
164 618
164 663
164 893
164 911
165 167
165 355
165 396
165 543
165 590
165 621
165 698
165 768
165 932
165 993
166 236
166 361
166 395
166 405
166 500
166 874
166 882
167 199
167 217
167 396
167 422
167 538
167 752
167 759
167 805
167 839
168 183
168 217
168 264
168 288
168 375
168 392
168 736
168 914
169 209
169 503
169 509
169 582
169 780
169 840
169 946
169 973
169 975
170 174
170 219
170 689
170 767
170 902
171 308
171 513
171 522
171 870
171 949
171 991
172 176
172 217
172 750
172 875
172 969
173 176
173 177
173 292
173 392
173 482
174 349
174 425
174 453
174 676
174 837
174 951
175 196
175 262
175 331
175 360
175 470
175 706
175 912
175 923
175 925
175 939
175 963
175 988
176 699
177 256
177 347
177 867
177 910
177 939
178 475
178 572
178 690
178 717
178 881
178 921
179 217
179 411
179 455
179 479
179 509
179 623
179 650
179 673
179 725
179 732
180 187
180 400
180 417
180 453
180 493
180 497
180 569
180 819
180 950
181 257
181 328
181 675
181 706
181 866
181 906
181 984
182 205
182 304
182 326
182 471
182 577
182 646
182 679
182 737
182 783
183 196
183 224
183 332
183 479
183 481
183 848
183 996
184 278
184 441
184 504
184 599
184 768
184 909
185 260
185 561
185 582
185 738
185 812
185 846
185 849
185 895
185 984
186 315
186 375
186 383
186 387
186 632
186 773
186 797
186 938
186 964
186 995
187 227
187 359
187 364
187 481
187 519
187 527
187 599
187 619
187 726
187 856
187 965
188 236
188 241
188 282
188 421
188 503
188 559
188 615
188 744
188 920
188 943
189 319
189 354
189 421
189 436
189 558
189 708
189 825
189 946
190 204
190 221
190 360
190 544
190 634
190 724
190 863
190 976
190 987
191 202
191 243
191 460
191 493
191 587
191 644
191 649
191 864
191 903
191 923
192 249
192 331
192 373
192 375
192 431
192 471
192 629
192 762
192 810
192 912
192 946
193 296
193 432
193 617
193 823
193 916
193 926
194 450
194 583
194 588
194 679
194 783
194 922
195 228
195 275
195 359
195 440
195 486
195 495
195 531
195 563
195 713
195 722
195 725
195 726
195 902
195 932
195 938
196 272
196 498
196 563
196 592
196 821
197 331
197 452
197 479
197 560
197 596
197 670
197 732
197 811
197 874
197 891
198 268
198 621
198 698
198 775
198 818
198 905
198 922
199 294
199 298
199 476
199 483
199 550
199 570
199 589
199 639
199 680
199 925
199 932
199 950
200 281
200 605
200 633
200 751
200 787
201 331
201 405
201 434
201 474
201 570
201 636
201 751
201 805
201 872
202 216
202 472
202 642
203 305
203 435
203 714
203 723
203 727
203 863
203 876
204 230
204 343
204 529
204 532
204 569
204 687
204 724
204 730
204 936
205 215
205 259
205 523
205 867
205 917
206 229
206 328
206 346
206 490
206 526
206 533
206 577
206 772
206 810
206 838
206 999
207 324
207 334
207 487
207 531
207 561
207 566
207 643
207 739
207 840
207 879
208 341
208 527
208 567
208 771
208 799
208 887
208 999
209 283
209 307
209 433
209 620
209 956
210 381
210 426
210 432
210 495
210 579
210 645
210 671
210 748
210 922
210 937
211 244
211 304
211 358
211 468
211 531
211 566
211 757
211 819
211 833
212 295
212 371
212 420
212 445
212 487
212 640
212 760
212 817
213 580
213 669
213 672
213 738
213 825
213 910
214 449
214 494
214 856
214 990
215 348
215 394
215 532
215 584
215 593
215 613
215 646
215 783
215 785
215 920
215 957
216 445
216 491
216 528
216 628
216 774
216 851
216 862
217 260
217 287
217 788
217 825
217 836
218 280
218 316
218 360
218 573
218 883
218 986
219 301
219 302
219 331
219 456
219 527
219 557
219 632
219 742
219 754
219 813
219 926
219 960
220 470
220 508
220 527
220 546
220 562
220 581
220 635
220 671
220 690
220 715
220 723
220 751
220 754
220 839
220 932
220 993
221 326
221 448
221 518
221 530
221 598
221 636
221 656
221 819
221 828
221 959
221 961
221 994
222 241
222 282
222 389
222 445
222 484
222 537
222 609
222 742
222 809
222 814
222 818
222 838
222 897
222 960
223 278
223 294
223 544
223 584
223 949
223 961
224 226
224 281
224 391
224 406
224 550
224 597
224 636
224 677
224 696
224 753
224 773
225 360
225 431
225 589
225 644
226 292
226 451
226 492
226 739
227 244
227 435
227 447
227 679
227 895
227 905
227 942
227 972
228 285
228 365
228 506
228 606
228 651
228 770
228 892
229 337
229 396
229 425
229 460
229 510
229 584
229 624
229 757
229 798
229 822
229 826
229 882
229 914
229 921
230 345
230 366
230 772
230 814
231 283
231 542
231 670
231 735
231 769
231 808
231 883
232 237
232 380
232 430
232 698
232 700
232 718
232 818
232 858
232 941
233 437
233 529
233 649
233 752
233 757
233 778
234 245
234 319
234 333
234 552
234 617
234 665
234 750
234 753
234 777
234 817
234 925
234 953
234 984
235 354
235 381
235 422
235 600
235 755
235 891
235 942
235 978
235 994
236 274
236 322
236 399
236 438
236 479
236 600
236 697
236 761
236 776
236 945
237 333
237 415
237 460
237 476
237 507
237 580
237 649
237 689
237 752
238 307
238 509
238 516
238 642
238 643
238 666
238 689
238 876
239 309
239 467
239 485
239 593
239 739
239 883
239 979
239 987
240 330
240 495
240 561
240 648
240 705
240 953
241 290
241 456
241 544
242 404
242 446
242 811
242 870
242 904
242 939
243 279
243 292
243 372
243 395
243 470
243 477
243 496
243 615
243 992
244 300
244 408
244 506
244 608
244 667
244 674
244 971
245 320
245 424
245 581
245 775
245 810
245 854
245 987
246 372
246 457
246 634
246 635
246 889
247 438
247 491
247 585
247 702
247 776
247 903
247 933
248 313
248 394
248 500
248 845
249 343
249 508
249 556
249 807
249 819
249 886
249 899
250 299
250 301
250 442
250 444
250 641
250 646
250 695
250 901
251 260
251 367
251 669
251 688
251 744
251 760
252 354
252 378
252 388
252 403
252 417
252 578
252 584
252 657
252 818
252 935
252 952
253 263
253 301
253 577
253 739
253 984
254 285
254 425
254 453
254 745
254 992
255 336
255 518
255 550
255 581
255 964
256 364
256 431
256 458
256 471
256 579
256 675
256 709
256 718
256 770
256 814
257 363
257 391
257 483
257 690
257 729
257 839
258 298
258 305
258 633
258 904
259 798
259 914
260 271
260 408
260 513
260 592
260 610
260 660
260 827
261 264
261 272
261 437
261 442
261 546
261 636
261 702
261 827
261 850
261 874
261 928
262 332
262 460
262 470
262 510
262 555
262 562
262 573
262 778
262 853
262 939
262 957
263 272
263 420
263 575
263 631
263 639
263 660
263 711
263 769
263 907
264 402
264 465
264 492
264 673
264 756
264 916
264 943
265 294
265 338
265 449
265 628
265 646
265 706
266 287
266 298
266 511
266 520
266 655
266 850
267 410
267 455
267 491
267 569
267 746
268 354
268 444
268 545
268 585
268 698
268 739
268 846
269 347
269 427
269 515
269 517
269 599
269 664
269 718
269 739
270 302
270 328
270 588
270 595
270 659
270 928
271 276
271 299
271 630
271 734
271 759
272 331
272 423
272 522
272 649
272 684
272 723
272 742
272 761
273 308
273 324
273 598
273 631
273 815
273 890
274 425
274 437
274 453
274 509
274 698
274 749
274 772
274 873
274 919
274 929
275 336
275 565
275 569
275 630
275 692
275 751
275 900
275 938
276 375
276 478
276 615
276 694
276 700
276 778
276 780
277 638
277 689
277 751
278 316
278 366
278 491
278 678
278 725
278 861
279 544
279 645
279 683
279 814
279 835
280 317
280 467
280 542
280 652
280 661
280 705
281 822
281 825
281 932
282 369
282 442
282 483
282 668
282 704
282 709
282 829
283 443
283 491
283 622
283 712
283 755
283 773
283 910
284 600
284 628
284 710
284 739
284 905
284 957
285 298
285 330
285 479
285 738
285 821
285 827
285 877
285 936
285 951
286 288
286 293
286 461
286 537
286 628
286 716
286 732
286 828
286 861
286 918
287 317
287 426
287 531
287 616
287 644
287 694
287 781
287 818
287 877
287 984
288 289
288 961
289 584
289 754
289 781
289 883
289 942
290 374
290 383
290 456
290 463
291 377
291 546
291 574
291 642
291 645
291 670
291 925
292 560
292 570
292 603
292 683
292 724
292 746
292 794
292 826
292 845
293 375
293 379
293 415
293 684
293 698
294 344
294 363
294 507
294 656
294 682
294 704
294 752
294 808
295 313
295 400
295 413
295 501
295 529
295 553
295 607
295 686
295 714
295 877
295 969
296 471
296 564
296 572
296 659
296 807
296 885
297 301
297 332
297 344
297 426
297 522
297 544
297 587
297 655
297 844
297 860
297 891
297 908
297 977
297 989
298 493
298 877
299 349
299 446
299 449
299 722
299 812
299 840
299 876
299 925
299 945
300 348
300 368
300 374
300 571
300 626
300 814
300 850
300 883
301 351
301 371
301 559
301 675
301 851
301 892
302 477
302 529
302 663
303 438
303 580
303 719
303 750
303 964
303 965
304 473
304 770
305 761
305 798
305 852
305 935
305 991
306 379
306 635
306 648
306 705
306 877
306 878
306 923
306 943
307 355
307 399
307 439
307 588
307 706
308 319
308 424
308 455
308 526
308 641
308 687
308 911
308 976
309 335
309 414
309 420
309 696
309 799
311 416
311 474
311 487
311 635
311 723
311 725
311 853
311 874
311 902
311 920
311 978
311 990
312 377
312 386
312 420
312 543
312 613
312 640
312 754
312 780
312 795
312 951
313 437
313 601
313 624
313 649
313 701
313 788
313 840
314 411
314 477
314 610
314 910
314 936
314 963
314 971
315 342
315 355
315 410
315 427
315 500
315 549
315 552
315 556
315 609
315 615
315 633
315 634
315 683
315 734
315 741
315 769
315 782
315 830
315 922
316 444
316 743
316 812
317 336
317 474
317 502
317 646
317 811
317 823
318 334
318 355
318 456
318 569
318 796
319 385
319 474
319 560
319 677
319 860
319 947
320 409
320 507
320 603
320 619
320 640
320 777
320 883
320 979
321 350
321 483
321 554
321 569
321 714
321 860
321 946
322 395
322 511
322 641
322 820
322 872
322 926
322 944
322 960
323 468
323 470
323 516
323 611
323 630
323 936
324 350
324 408
324 479
324 695
324 705
324 801
324 854
324 876
325 361
325 419
325 587
325 620
325 682
325 741
326 367
326 379
326 630
326 682
326 693
326 824
326 845
326 867
326 908
326 921
327 364
327 369
327 703
327 913
327 983
328 366
328 457
328 707
328 849
328 857
329 411
329 453
329 688
329 868
329 877
330 371
330 372
330 442
330 669
330 743
330 770
330 798
330 862
330 898
330 911
331 337
331 363
331 680
331 785
331 922
331 937
332 376
332 383
332 453
332 686
332 764
332 822
332 936
332 950
332 984
333 348
333 387
333 403
333 416
333 480
333 487
333 556
333 621
333 704
333 779
333 955
334 519
334 571
334 588
334 606
334 634
334 643
334 730
334 873
335 340
335 613
335 665
335 674
335 709
335 753
335 835
335 982
336 547
336 661
336 846
336 873
336 882
337 439
337 506
337 520
337 571
337 716
337 739
337 847
337 859
337 892
338 461
338 475
338 533
338 808
338 904
339 424
339 473
339 488
339 611
339 762
339 764
339 806
339 896
339 934
340 507
340 653
340 819
341 466
341 583
341 642
341 742
341 854
341 884
342 537
342 691
342 874
342 962
343 379
343 505
343 534
343 623
343 770
344 486
344 786
344 983
345 380
345 398
345 493
345 567
345 588
345 622
345 735
346 357
346 424
346 463
346 488
346 580
346 586
346 737
346 795
346 848
347 444
347 488
347 524
347 572
347 736
348 379
348 502
348 902
348 965
349 357
349 361
349 415
349 503
349 599
349 676
349 782
349 949
349 996
350 356
350 520
350 521
350 525
350 532
350 651
350 661
350 806
351 584
351 630
351 684
351 969
352 365
352 428
352 452
352 635
352 647
352 706
352 908
352 929
352 942
352 957
353 437
353 552
353 563
353 617
353 778
353 942
354 383
354 429
354 500
354 539
354 613
354 643
354 699
354 711
354 811
355 420
355 431
355 579
355 590
355 653
355 904
356 637
356 643
356 856
356 873
357 446
357 590
357 731
357 922
357 929
358 420
358 458
358 483
358 531
358 614
358 675
358 689
358 790
358 902
359 375
359 534
359 546
359 603
359 674
359 723
359 749
359 765
359 828
359 858
360 409
360 480
360 798
360 893
360 965
361 485
361 546
361 794
361 818
361 835
361 881
361 900
361 922
361 926
361 982
362 422
362 554
362 642
362 654
362 782
362 867
362 881
362 923
363 365
363 370
363 381
363 516
363 519
363 708
363 882
363 920
364 430
364 434
364 534
364 631
364 749
364 828
364 835
365 386
365 412
365 537
365 596
365 688
365 742
365 764
365 980
366 394
366 733
366 910
366 923
367 525
367 659
367 678
367 696
367 703
367 756
367 992
368 433
368 472
368 952
369 427
369 453
369 641
369 678
369 769
369 771
369 830
370 427
370 442
370 467
370 621
370 818
370 860
370 982
371 497
371 547
371 630
371 698
372 457
372 519
372 612
372 633
372 771
372 883
372 987
373 761
373 778
373 803
373 997
374 396
374 446
374 578
374 612
374 649
374 686
374 720
374 971
374 996
375 603
375 604
375 610
375 673
375 698
375 833
375 919
376 408
376 409
376 506
376 652
376 732
376 814
377 466
377 476
377 495
377 571
377 580
377 599
377 658
377 770
377 793
378 449
378 576
378 587
378 712
378 735
378 829
378 876
379 438
379 599
379 781
379 788
379 958
380 483
380 598
380 639
381 455
381 486
381 556
381 586
381 597
381 723
381 809
381 819
381 878
382 403
382 604
382 694
383 417
383 509
383 516
383 550
383 630
383 721
383 907
383 944
383 958
384 466
384 489
384 745
384 839
384 850
385 560
385 585
385 601
385 668
385 928
386 417
386 592
386 702
386 786
386 821
386 936
386 947
387 569
387 628
387 659
387 727
387 780
387 798
387 822
387 825
387 853
388 523
388 592
388 619
388 696
388 801
389 422
389 424
389 474
389 554
389 559
389 561
389 840
389 841
389 949
390 404
390 438
390 443
390 473
391 607
391 641
391 642
391 786
391 793
391 809
391 846
391 921
391 981
391 995
392 416
392 509
392 574
392 633
392 667
392 683
392 759
392 762
393 522
393 604
393 627
393 782
393 978
394 494
394 620
394 688
394 819
394 853
394 932
395 491
395 529
395 612
395 954
396 629
396 704
396 948
396 969
397 419
397 492
397 599
397 615
397 853
397 954
398 731
398 945
399 407
399 443
399 497
399 578
399 718
399 820
399 914
399 930
399 980
400 426
400 435
400 646
400 654
400 690
401 503
401 675
401 791
401 809
401 870
401 963
401 989
402 712
402 833
402 905
402 967
403 416
403 518
403 563
403 722
404 532
404 565
404 834
404 861
404 883
404 944
405 472
405 554
405 603
405 629
405 649
405 866
405 962
405 989
405 998
406 452
406 539
406 582
406 650
406 713
406 903
407 505
407 556
407 600
407 909
407 914
407 926
407 932
407 953
408 536
408 653
408 691
408 704
408 751
408 822
408 874
409 433
409 496
409 519
409 528
409 570
409 740
409 950
409 968
410 562
410 571
410 577
410 581
410 710
410 731
410 764
410 828
410 884
411 427
411 545
411 779
411 817
411 872
411 974
412 506
412 549
412 566
412 577
412 705
412 748
412 772
412 803
412 825
412 839
412 887
412 899
413 466
413 846
413 964
414 752
414 771
414 842
414 948
414 977
415 565
415 581
415 616
415 639
415 648
415 663
415 724
415 807
415 829
416 864
416 988
417 508
417 589
417 662
417 772
417 876
417 885
418 633
418 700
418 829
418 862
418 913
418 962
418 975
419 478
419 547
419 618
419 786
419 883
419 926
420 488
420 524
420 719
420 720
420 754
420 815
420 820
420 899
421 458
421 729
421 749
421 864
421 919
421 962
422 475
422 511
422 517
422 607
422 642
422 699
422 863
422 899
422 935
423 424
423 624
424 441
424 640
424 680
424 770
424 857
424 870
424 904
424 925
424 998
425 496
425 667
425 844
425 864
425 876
426 478
426 498
426 730
426 763
426 894
426 922
427 605
427 627
427 636
428 697
428 867
428 919
429 677
429 684
429 746
429 780
429 794
429 939
430 519
430 591
430 594
430 633
430 718
430 957
430 976
431 593
431 667
431 727
431 988
432 645
432 656
432 665
432 680
432 802
432 995
433 478
433 573
433 672
433 778
433 904
434 453
434 682
434 827
434 966
435 523
435 557
435 674
435 837
435 968
436 508
436 586
436 637
436 778
436 781
436 792
436 849
436 961
437 694
437 928
438 551
438 581
438 582
438 997
439 514
439 524
439 633
439 942
439 952
440 525
440 588
440 598
440 647
440 682
440 688
440 852
440 925
441 466
441 472
441 603
441 700
441 719
441 763
441 801
441 997
442 674
442 744
442 853
443 523
443 533
443 555
443 694
443 796
443 797
443 829
444 464
444 523
444 565
444 633
444 637
444 844
444 969
445 514
445 753
445 763
445 823
446 691
446 841
447 448
447 546
447 587
447 650
447 778
447 829
447 899
448 663
448 798
449 532
449 711
449 737
449 834
449 945
449 996
450 919
450 964
451 514
451 523
451 611
451 758
451 788
451 851
451 953
452 645
452 766
452 796
452 837
452 974
453 548
453 563
453 764
454 543
454 584
454 621
454 932
454 933
455 583
455 591
456 469
456 692
456 746
456 905
456 944
457 505
457 545
457 635
457 710
457 905
458 612
458 639
458 892
458 923
459 597
459 607
459 715
459 830
459 848
459 984
460 502
460 530
460 690
460 691
460 717
460 803
460 964
461 476
461 543
461 945
462 494
462 778
462 842
463 471
463 476
463 490
463 498
463 710
463 755
463 769
463 837
463 979
464 611
464 697
464 980
465 482
465 507
465 679
465 740
465 753
465 830
465 899
465 956
466 506
466 700
466 763
466 841
466 911
467 495
467 606
467 610
467 682
467 686
467 708
467 841
468 589
468 652
468 824
468 831
468 834
469 492
469 705
469 810
469 910
469 973
470 548
470 636
470 726
470 781
470 797
470 904
471 511
471 713
471 768
471 955
472 530
472 559
472 579
472 612
472 651
472 881
472 914
472 996
473 485
473 493
473 575
473 577
473 676
473 783
473 867
473 930
474 499
474 575
474 650
474 784
474 980
475 958
476 488
476 538
476 736
476 889
476 968
477 503
477 671
477 765
477 783
477 826
477 981
478 481
478 526
478 541
478 667
478 669
478 717
478 736
478 768
478 865
478 911
479 585
479 603
479 742
479 745
479 810
479 952
480 824
481 766
481 785
481 993
481 997
482 642
482 651
482 654
482 656
482 705
482 783
482 863
483 549
483 591
483 779
483 798
483 810
483 923
483 947
483 973
484 504
484 647
484 716
484 725
484 759
484 768
484 919
485 541
485 776
485 879
485 985
486 497
486 555
486 749
486 793
486 857
486 897
487 708
487 717
487 882
488 506
489 491
489 713
490 547
490 581
490 679
490 717
490 820
490 875
490 893
490 931
491 510
491 514
491 578
491 613
491 687
491 821
491 837
491 904
491 915
492 817
492 899
492 931
493 515
493 585
493 677
493 822
493 921
493 927
493 965
493 969
494 571
494 585
494 639
494 685
494 703
494 759
495 576
495 625
495 654
495 850
496 499
496 600
496 647
496 734
496 826
496 832
496 836
496 916
496 931
497 505
497 605
497 674
497 739
497 908
498 623
498 654
498 662
498 668
498 689
498 708
498 807
498 837
498 840
498 878
498 967
499 619
499 659
499 896
499 931
499 942
501 573
501 944
502 585
502 839
502 922
503 516
503 542
503 553
503 589
503 593
503 759
503 934
504 563
504 927
504 928
504 935
504 941
505 509
505 548
505 585
505 627
505 781
507 598
507 760
507 779
507 818
508 547
508 727
508 760
508 914
508 938
508 947
508 978
509 579
509 654
509 850
509 896
509 967
509 981
510 527
510 568
510 610
510 667
510 672
510 734
510 944
511 527
511 767
511 790
511 878
512 525
512 585
512 680
512 747
513 623
513 732
513 770
514 834
514 907
515 528
515 695
515 782
515 854
515 901
516 639
516 691
516 694
516 714
516 761
516 830
516 922
517 617
517 625
517 629
517 639
517 694
517 986
517 991
518 691
518 723
518 745
519 571
519 602
519 723
519 744
519 749
519 970
520 579
520 682
520 851
520 896
521 554
521 633
521 722
521 792
521 833
522 527
522 545
522 561
522 735
522 784
522 795
522 896
522 973
522 997
523 864
524 841
524 953
525 721
525 837
526 792
527 558
527 771
527 810
527 858
527 979
528 534
528 600
528 616
528 620
528 829
528 896
529 565
529 567
529 638
529 687
529 756
529 920
529 946
530 809
530 916
531 543
531 606
531 615
531 867
531 882
532 571
532 589
532 946
533 702
533 915
533 985
533 995
534 672
534 686
534 996
535 662
535 797
535 801
535 897
536 702
536 985
536 997
537 599
537 640
538 710
538 874
538 957
539 607
539 673
539 725
539 773
539 798
539 905
540 542
540 774
540 887
540 912
540 974
541 575
541 757
541 769
541 779
541 798
541 800
541 835
541 837
541 961
542 591
542 618
542 820
542 850
542 983
543 741
543 849
543 859
543 878
543 943
544 827
544 894
545 713
545 929
546 564
546 706
546 711
546 816
546 888
546 926
547 644
547 926
547 961
548 572
548 583
548 584
548 599
548 860
548 872
548 989
549 634
549 656
549 699
549 813
549 885
550 566
550 606
550 732
550 759
550 856
550 927
551 572
551 666
551 669
551 725
551 874
552 719
552 974
553 603
553 855
553 979
554 579
554 678
554 742
554 879
554 888
555 568
555 965
556 775
556 821
556 844
556 992
557 596
557 859
557 955
558 623
558 716
558 764
558 848
558 850
558 854
559 627
559 826
559 858
559 865
559 906
560 567
560 630
560 639
560 852
560 979
561 563
561 598
561 665
561 813
561 872
562 635
562 814
562 825
562 896
562 973
563 659
563 678
563 755
563 793
563 877
563 994
564 566
564 676
564 684
564 872
565 590
565 594
565 611
565 683
565 715
565 737
565 742
565 823
565 857
565 900
565 901
565 979
566 913
566 940
566 968
566 990
567 594
567 660
567 791
567 814
567 853
567 984
568 663
568 713
568 797
568 822
568 832
569 592
569 604
569 817
569 849
569 870
569 912
569 944
570 716
570 717
570 932
570 969
571 748
572 577
572 710
572 784
572 864
573 605
573 931
573 956
574 639
574 677
574 761
574 941
575 607
575 660
575 733
575 904
576 638
576 698
576 770
576 849
576 908
576 973
577 601
577 607
577 696
577 732
577 983
578 636
578 713
578 742
578 848
578 855
578 906
579 627
579 742
580 596
580 785
580 809
580 878
580 902
581 582
581 670
581 791
581 840
581 966
583 679
583 845
584 763
584 906
585 664
585 687
585 691
585 809
585 910
585 961
586 610
586 770
586 789
586 790
586 841
586 885
586 931
586 992
587 977
588 644
588 679
588 699
588 751
588 850
589 664
589 891
589 969
589 996
590 623
591 609
591 773
591 804
591 852
592 664
593 594
593 706
594 601
594 621
594 683
594 694
594 734
594 772
594 884
595 796
595 799
595 832
595 868
595 876
595 882
596 612
596 621
596 745
596 802
596 880
597 623
597 705
597 917
598 683
598 938
599 709
599 858
599 968
599 991
599 999
600 896
600 920
600 945
602 955
602 959
603 675
603 703
603 747
603 750
603 777
603 919
603 940
603 970
604 629
604 824
604 846
604 910
605 688
605 757
605 774
605 780
605 823
605 860
605 864
605 927
606 646
606 700
606 748
606 775
606 879
606 922
607 669
607 780
607 784
607 794
607 800
607 822
607 852
607 853
607 958
607 959
608 635
608 690
608 845
608 970
609 675
609 756
609 770
609 801
609 804
610 676
610 701
610 769
610 832
610 911
611 652
611 668
611 687
611 855
611 903
612 676
612 692
612 852
612 878
612 967
612 970
613 750
613 756
613 772
613 821
614 762
614 845
615 685
615 803
615 824
615 871
616 793
616 799
616 928
617 633
617 824
617 970
617 988
618 621
618 631
618 726
618 953
618 988
618 990
619 720
619 758
619 875
619 974
620 639
620 685
620 867
620 966
621 734
621 829
621 884
621 924
621 986
621 991
622 646
623 643
623 644
623 696
623 778
623 845
624 708
624 777
624 856
624 888
626 704
626 876
627 674
627 833
627 835
627 874
628 643
628 667
628 816
628 820
628 834
628 909
630 780
630 781
630 883
631 699
631 823
631 899
631 994
632 664
632 944
632 984
633 698
633 723
633 735
634 782
634 999
635 701
635 842
635 849
635 996
636 676
636 720
636 782
636 813
636 927
636 934
637 694
637 721
638 712
638 743
638 799
638 812
638 848
638 957
638 965
639 787
639 920
640 667
640 746
640 814
640 830
640 948
641 725
641 836
641 922
641 958
642 697
642 919
642 971
643 687
643 731
643 985
644 661
644 741
644 842
644 857
645 753
645 933
645 981
646 654
646 843
647 795
647 965
648 856
648 876
649 652
649 751
649 859
650 742
650 814
651 677
651 922
651 943
651 961
652 653
652 675
652 761
652 868
652 907
652 949
653 668
653 782
653 882
653 952
654 694
654 700
654 860
654 875
654 892
655 830
655 883
655 960
656 939
656 986
657 664
657 749
657 751
657 799
657 823
657 938
657 983
658 698
658 793
659 890
659 927
659 965
660 667
660 886
660 954
660 978
661 679
661 708
661 709
661 798
661 869
661 941
661 957
662 903
662 906
664 794
664 819
665 680
665 793
665 802
665 808
665 870
665 871
666 693
666 725
666 905
666 983
666 984
667 835
667 930
668 717
669 690
669 706
669 810
669 848
669 869
670 677
670 682
670 780
670 854
670 952
671 707
671 828
671 846
671 895
671 952
671 976
672 705
672 941
673 702
673 860
673 936
674 850
674 853
674 866
675 828
675 910
675 937
676 774
676 924
676 940
677 699
677 741
677 833
678 795
678 892
678 994
679 691
679 731
679 900
680 866
681 722
681 922
681 940
681 967
681 973
681 987
682 726
683 901
683 922
684 904
685 690
685 882
685 964
686 690
686 693
686 907
686 999
687 726
687 897
689 698
689 762
689 968
690 711
690 750
690 799
690 840
690 844
690 846
691 697
691 783
691 819
692 778
692 824
692 888
692 906
693 771
693 805
693 918
693 999
695 767
695 852
695 928
695 930
695 987
696 881
697 746
697 755
697 769
697 808
697 930
698 719
698 859
698 928
699 741
699 890
699 987
700 710
700 848
701 727
701 743
702 856
703 965
703 984
704 768
705 964
705 968
706 720
706 730
706 882
706 890
707 777
707 832
708 813
708 831
708 881
708 884
708 917
709 787
710 903
711 755
711 855
711 998
712 737
712 739
712 778
712 924
712 962
712 964
713 758
713 835
713 889
714 805
714 885
714 989
716 733
716 801
717 787
717 849
718 806
719 783
719 785
720 817
721 787
721 806
721 902
722 735
722 754
722 823
723 954
723 983
725 766
725 861
725 899
725 979
726 811
726 876
726 890
726 952
727 873
728 842
728 954
729 932
730 903
730 972
733 965
733 975
734 758
734 842
735 766
735 882
735 893
735 998
736 737
736 936
737 766
737 814
737 833
737 882
738 917
738 948
739 817
739 904
739 964
740 897
740 994
741 753
741 901
741 915
741 935
741 959
741 960
741 990
742 759
742 953
742 994
743 746
743 829
743 832
743 889
743 989
744 798
744 878
744 905
745 792
745 815
745 835
746 830
746 942
747 854
747 902
747 943
748 784
748 809
748 904
748 911
748 915
749 792
749 881
749 905
750 800
750 815
750 863
750 979
751 945
752 876
752 978
753 762
753 825
753 828
753 895
753 961
753 969
754 853
754 860
754 986
754 996
755 757
755 794
755 858
755 951
757 830
757 855
757 908
758 804
758 824
758 834
758 855
758 912
759 796
759 957
760 770
760 828
760 915
760 945
760 978
761 864
761 935
761 997
762 779
762 934
763 895
763 920
763 928
764 776
764 818
764 903
765 873
766 783
766 901
766 917
766 981
767 837
767 907
767 916
767 977
768 796
768 816
768 847
768 904
768 958
768 994
769 943
769 977
770 804
770 918
770 980
772 859
772 868
772 981
773 857
774 828
774 867
775 803
775 828
775 971
775 974
776 822
776 869
776 898
777 999
778 828
778 848
778 912
778 920
779 804
779 814
780 878
781 810
783 825
783 902
783 914
784 963
785 874
785 895
785 963
786 925
786 980
787 991
788 885
788 924
789 813
789 835
789 919
790 853
791 954
792 826
793 849
793 864
794 881
795 803
796 800
796 809
796 900
797 862
797 868
797 886
798 803
798 947
799 975
799 999
800 871
800 924
801 972
803 808
803 858
804 952
806 812
806 824
806 973
807 859
807 911
808 830
808 929
809 814
809 863
810 854
810 875
811 862
811 985
812 823
812 831
812 833
812 839
813 820
813 905
813 935
813 937
813 988
814 920
814 972
817 829
818 902
818 914
818 959
819 852
819 978
821 915
821 970
822 892
822 932
822 941
823 863
824 889
824 922
824 972
825 895
825 965
825 967
827 830
827 841
827 892
827 898
827 930
829 846
830 982
832 890
832 982
834 889
837 976
837 986
838 890
841 898
841 918
841 937
841 984
842 910
843 944
847 986
849 962
849 974
850 945
852 911
852 926
852 972
852 996
853 884
853 900
853 918
853 973
855 867
856 872
856 890
856 969
857 991
858 925
858 936
858 977
859 950
861 864
861 955
861 958
862 942
862 943
863 962
864 934
866 974
867 949
867 973
867 995
868 935
868 946
868 963
869 947
869 964
870 932
870 983
871 885
871 896
872 997
873 935
876 943
879 927
879 960
880 930
881 919
881 950
882 932
883 911
884 888
884 917
885 931
887 905
887 907
887 971
887 977
887 985
887 988
888 920
888 995
889 903
890 913
895 931
895 956
896 916
897 916
899 950
900 921
900 993
901 915
901 955
906 914
906 930
909 924
909 998
910 999
912 966
914 942
914 946
916 954
917 966
917 996
918 941
920 946
921 931
921 933
922 969
922 985
923 995
926 988
931 934
931 972
932 985
932 994
934 985
935 979
939 950
939 975
942 950
943 973
943 990
944 997
945 997
947 959
952 977
956 978
958 972
958 982
958 983
960 966
960 998
965 969
971 998
975 980
976 988
980 990
984 998
988 995
989 996
996 998
