100 213
0 33
0 37
0 40
0 50
0 59
1 5
1 28
1 49
1 67
1 92
2 54
2 56
2 79
3 19
3 38
3 41
3 67
4 6
4 29
4 36
4 48
4 66
4 69
4 72
4 78
4 99
5 17
5 22
5 23
5 28
5 30
5 34
5 89
5 99
6 23
6 38
6 58
6 61
6 66
7 79
7 97
8 24
8 57
8 58
8 72
9 32
9 71
9 75
9 77
10 12
10 20
10 54
10 79
11 19
11 26
11 27
11 57
12 22
12 41
12 59
12 60
12 81
12 84
13 25
13 35
13 79
13 80
13 95
14 15
14 54
15 28
15 51
15 59
15 78
15 80
15 82
16 19
16 26
16 38
16 67
16 74
17 66
18 35
18 81
18 88
18 90
19 45
19 48
19 59
19 67
19 70
19 80
21 37
21 41
21 72
22 70
22 72
22 75
22 90
23 32
23 58
23 77
23 87
24 30
24 32
24 68
25 39
25 43
25 83
25 85
26 32
26 95
27 74
27 98
28 71
29 34
29 48
29 61
29 79
30 54
30 55
30 68
30 86
30 90
31 55
31 71
31 97
32 48
32 55
32 59
32 65
32 76
32 89
33 55
33 85
34 59
35 37
35 47
35 63
36 74
37 43
37 56
37 62
37 81
37 86
38 57
38 76
38 86
39 75
41 47
41 86
42 62
42 67
42 86
43 59
45 52
46 56
46 63
47 76
47 89
48 56
48 57
48 82
49 53
49 60
49 80
49 86
52 56
53 77
53 83
53 88
54 75
54 86
55 66
55 68
56 59
56 62
56 66
56 74
56 87
56 98
57 71
57 88
57 95
58 82
58 83
60 64
60 88
61 63
61 79
62 67
62 82
62 94
62 96
63 71
63 92
65 92
66 68
68 85
68 87
68 93
70 73
70 95
71 89
72 93
73 77
78 83
79 81
79 83
82 94
87 92
89 92
89 96
