100 1050
0 3
0 13
0 14
0 17
0 23
0 32
0 35
0 38
0 39
0 40
0 51
0 54
0 57
0 67
0 69
0 70
0 71
0 78
0 82
0 94
0 95
0 98
1 4
1 5
1 6
1 8
1 24
1 25
1 27
1 30
1 32
1 33
1 35
1 41
1 42
1 45
1 53
1 65
1 66
1 67
1 69
1 76
1 78
1 80
1 88
1 90
1 92
1 96
1 97
2 3
2 21
2 24
2 27
2 28
2 34
2 35
2 41
2 43
2 47
2 52
2 53
2 56
2 61
2 62
2 68
2 70
2 73
2 75
2 88
2 94
2 96
2 99
3 9
3 11
3 14
3 17
3 22
3 39
3 40
3 56
3 57
3 58
3 64
3 66
3 69
3 73
3 75
3 76
3 87
3 89
3 90
4 8
4 11
4 19
4 24
4 28
4 29
4 41
4 42
4 43
4 44
4 53
4 59
4 66
4 67
4 72
4 73
4 77
4 83
4 84
4 85
4 91
5 6
5 7
5 13
5 18
5 21
5 25
5 30
5 44
5 56
5 59
5 63
5 75
5 76
5 79
5 85
5 86
5 93
5 99
6 7
6 8
6 9
6 19
6 21
6 22
6 30
6 32
6 33
6 34
6 41
6 44
6 48
6 51
6 52
6 59
6 61
6 63
6 67
6 68
6 69
6 72
6 74
6 79
6 80
6 82
6 83
6 84
6 86
6 97
7 8
7 10
7 16
7 18
7 25
7 28
7 34
7 40
7 46
7 55
7 56
7 63
7 74
7 77
7 85
7 89
8 11
8 15
8 24
8 40
8 46
8 56
8 57
8 93
8 94
9 13
9 17
9 23
9 30
9 32
9 37
9 41
9 51
9 58
9 65
9 68
9 73
9 77
9 78
10 12
10 15
10 25
10 27
10 30
10 43
10 46
10 47
10 53
10 54
10 57
10 58
10 65
10 72
10 83
10 89
10 96
11 16
11 19
11 21
11 30
11 33
11 40
11 41
11 46
11 52
11 53
11 54
11 55
11 64
11 70
11 72
11 79
11 87
11 88
11 91
11 98
12 16
12 17
12 29
12 46
12 49
12 53
12 56
12 59
12 64
12 74
12 83
12 86
12 88
12 89
12 93
12 95
12 97
13 23
13 24
13 28
13 30
13 31
13 36
13 38
13 41
13 48
13 50
13 51
13 55
13 61
13 64
13 73
13 86
13 92
13 93
13 98
13 99
14 22
14 28
14 39
14 41
14 45
14 48
14 49
14 50
14 54
14 55
14 61
14 64
14 67
14 68
14 71
14 81
14 83
14 97
15 18
15 21
15 22
15 28
15 34
15 39
15 45
15 50
15 53
15 54
15 55
15 62
15 64
15 67
15 70
15 71
15 76
15 77
15 83
15 88
15 90
15 93
15 97
16 17
16 25
16 36
16 45
16 56
16 59
16 62
16 64
16 70
16 73
16 81
16 82
16 90
16 93
17 26
17 31
17 34
17 45
17 49
17 50
17 54
17 56
17 59
17 69
17 70
17 71
17 72
17 73
17 76
17 81
17 84
17 89
17 90
17 92
17 96
17 97
18 25
18 28
18 38
18 42
18 45
18 53
18 58
18 62
18 64
18 70
18 76
18 77
18 78
18 79
18 81
18 85
18 86
18 88
18 91
18 97
18 99
19 22
19 32
19 44
19 45
19 52
19 64
19 68
19 74
19 76
19 77
19 94
19 97
20 25
20 29
20 37
20 42
20 44
20 47
20 49
20 50
20 55
20 57
20 59
20 61
20 63
20 65
20 66
20 76
20 88
20 91
20 92
20 94
20 97
21 32
21 40
21 42
21 43
21 48
21 49
21 53
21 54
21 55
21 67
21 77
21 83
21 87
21 91
21 92
21 93
21 95
21 96
21 98
22 23
22 37
22 44
22 49
22 53
22 54
22 59
22 60
22 71
22 72
22 86
23 24
23 28
23 29
23 31
23 32
23 37
23 40
23 53
23 55
23 62
23 63
23 71
23 75
23 76
23 78
23 93
23 98
23 99
24 26
24 27
24 29
24 30
24 35
24 40
24 41
24 51
24 52
24 57
24 62
24 63
24 65
24 68
24 69
24 75
24 81
24 84
24 88
24 90
24 93
24 94
24 97
25 30
25 33
25 34
25 36
25 52
25 58
25 62
25 66
25 67
25 69
25 70
25 78
25 81
25 83
25 85
25 91
26 30
26 35
26 37
26 38
26 41
26 44
26 46
26 50
26 54
26 58
26 60
26 61
26 63
26 66
26 69
26 83
26 88
26 95
27 38
27 39
27 44
27 54
27 57
27 69
27 84
27 90
27 99
28 38
28 39
28 45
28 47
28 57
28 61
28 64
28 76
28 77
28 79
28 83
28 86
29 32
29 35
29 37
29 39
29 41
29 45
29 49
29 50
29 53
29 57
29 82
29 85
29 88
29 92
29 94
30 33
30 38
30 51
30 52
30 54
30 57
30 61
30 63
30 66
30 68
30 71
30 72
30 73
30 80
30 97
31 45
31 48
31 60
31 66
31 68
31 71
31 80
31 82
31 83
31 91
31 92
31 96
31 99
32 41
32 44
32 49
32 63
32 64
32 74
32 77
32 92
32 97
33 37
33 39
33 43
33 47
33 48
33 49
33 62
33 64
33 74
33 86
33 90
33 92
33 93
34 35
34 40
34 42
34 53
34 62
34 63
34 65
34 71
34 79
34 83
34 92
34 97
34 98
34 99
35 40
35 41
35 44
35 46
35 47
35 50
35 55
35 57
35 62
35 65
35 66
35 75
35 77
35 80
35 85
35 88
35 91
35 97
35 99
36 39
36 41
36 44
36 45
36 48
36 49
36 55
36 57
36 62
36 76
36 83
36 85
36 97
37 40
37 50
37 66
37 67
37 68
37 69
37 73
37 82
37 83
37 84
37 89
37 92
37 98
38 39
38 40
38 47
38 57
38 63
38 64
38 65
38 68
38 70
38 73
38 83
38 84
39 41
39 42
39 43
39 45
39 46
39 50
39 53
39 55
39 67
39 69
39 72
39 73
39 75
39 78
39 79
39 81
39 83
39 94
39 98
40 45
40 50
40 55
40 64
40 65
40 67
40 73
40 75
40 76
40 81
40 85
41 42
41 48
41 49
41 59
41 80
41 88
41 90
41 92
42 46
42 49
42 53
42 56
42 57
42 64
42 69
42 74
42 78
42 79
42 81
42 86
42 87
42 88
42 94
43 64
43 74
43 77
43 81
43 85
43 89
43 96
43 99
44 48
44 50
44 54
44 56
44 63
44 64
44 71
44 79
44 85
44 86
44 96
45 50
45 56
45 60
45 65
45 70
46 47
46 54
46 58
46 61
46 63
46 73
46 74
46 86
46 87
46 91
47 60
47 62
47 67
47 72
47 75
47 76
47 80
47 83
47 88
48 54
48 62
48 65
48 70
48 73
48 74
48 87
48 96
48 98
48 99
49 56
49 57
49 59
49 67
49 69
49 70
49 71
49 85
49 89
49 90
49 99
50 52
50 54
50 73
50 88
50 96
50 99
51 55
51 56
51 59
51 61
51 63
51 70
51 72
51 77
51 78
51 79
51 84
51 89
52 56
52 57
52 59
52 60
52 61
52 62
52 76
52 77
52 78
52 86
52 96
52 97
52 98
53 58
53 66
53 72
53 82
53 94
53 97
54 58
54 64
54 68
54 70
54 74
54 79
54 91
54 97
54 98
55 56
55 57
55 58
55 68
55 71
55 72
55 76
55 77
55 88
55 95
56 59
56 61
56 66
56 69
56 79
56 80
56 86
56 87
56 89
57 68
57 83
57 85
57 86
57 88
57 90
57 94
58 68
58 71
58 72
58 76
58 77
58 87
58 91
58 94
58 96
59 62
59 80
59 81
59 83
59 86
59 89
59 90
59 93
59 94
60 61
60 63
60 64
60 65
60 67
60 68
60 69
60 73
60 84
60 92
60 93
60 96
61 76
61 78
61 86
61 98
61 99
62 63
62 70
62 72
62 74
62 77
62 78
62 80
62 82
62 85
62 96
62 98
63 78
63 84
64 67
64 75
64 78
64 79
64 84
64 86
64 94
64 95
64 98
64 99
65 74
65 89
65 92
65 95
66 71
66 72
66 74
66 75
66 89
66 91
66 92
66 95
66 96
67 72
67 76
67 77
67 79
67 85
67 87
67 88
67 89
67 92
67 98
68 70
68 72
68 76
68 80
68 83
68 88
68 90
68 94
68 95
68 96
68 98
68 99
69 72
69 73
69 92
69 99
70 76
70 77
70 82
70 83
70 85
71 77
71 79
71 80
71 82
71 90
71 98
72 79
72 91
72 95
73 77
73 83
73 87
73 90
74 75
74 77
75 78
75 80
75 82
75 83
75 97
76 78
76 79
76 85
76 86
76 89
76 90
77 78
77 81
77 84
77 85
77 87
77 89
77 92
78 80
78 81
78 83
78 84
78 94
78 99
79 89
79 90
79 97
80 81
80 87
80 89
81 82
81 85
81 87
81 89
81 92
82 84
82 85
82 87
82 89
82 90
82 92
82 93
83 85
83 87
83 90
83 94
83 98
83 99
84 86
84 87
84 88
84 98
85 86
85 94
85 98
85 99
86 90
86 92
86 93
86 95
86 97
86 98
86 99
87 92
87 96
88 90
88 92
88 93
89 91
89 93
89 94
89 99
90 92
90 96
90 99
94 99
95 96
98 99
