1000 4961
0 3
0 344
0 362
0 468
0 541
0 676
0 806
0 889
0 901
0 909
0 910
0 972
1 145
1 320
1 609
1 626
1 885
1 915
2 86
2 122
2 158
2 429
2 509
2 559
2 563
2 882
2 892
3 58
3 142
3 167
3 223
3 334
3 350
3 386
3 421
3 589
4 69
4 162
4 189
4 263
4 544
4 565
4 567
4 728
4 755
4 857
4 983
5 441
5 474
5 658
5 696
5 766
5 822
6 252
6 318
6 568
6 618
6 664
6 741
6 779
6 907
6 925
6 984
6 994
7 12
7 60
7 97
7 158
7 337
7 353
7 428
7 472
7 475
7 544
7 599
7 703
8 119
8 221
8 226
8 231
8 362
8 511
8 565
8 624
8 705
8 825
9 11
9 374
9 520
9 548
9 570
9 768
9 774
9 857
9 969
10 54
10 190
10 244
10 246
10 324
10 325
10 346
10 611
10 743
10 786
10 891
11 59
11 106
11 270
11 289
11 328
11 399
11 506
11 738
11 769
12 131
12 157
12 172
12 366
12 448
12 455
12 487
12 902
12 932
13 193
13 398
13 403
13 423
13 489
13 513
13 609
13 659
13 738
13 747
13 977
13 995
14 132
14 137
14 280
14 329
14 420
14 510
14 523
14 733
14 768
15 63
15 68
15 129
15 172
15 181
15 389
15 523
15 566
15 824
15 887
15 915
15 969
16 68
16 123
16 164
16 259
16 363
16 958
17 66
17 101
17 173
17 426
17 491
17 614
17 817
17 874
17 933
17 941
18 155
18 231
18 289
18 490
18 558
18 592
18 594
18 751
18 914
18 926
19 28
19 43
19 131
19 255
19 272
19 295
19 323
19 418
19 464
19 504
19 522
19 548
19 583
19 678
19 709
19 984
20 136
20 194
20 204
20 276
20 499
20 523
20 596
20 601
20 849
21 178
21 436
21 486
21 509
21 536
21 669
21 697
21 706
21 753
21 768
21 808
21 847
21 902
22 71
22 654
22 845
23 27
23 112
23 286
23 298
23 348
23 369
23 440
23 809
23 882
23 969
24 73
24 112
24 189
24 339
24 381
24 399
24 615
24 634
24 656
24 765
24 773
24 782
24 962
24 976
25 75
25 101
25 158
25 215
25 225
25 286
25 287
25 395
25 485
25 487
25 615
25 679
25 748
25 853
26 323
26 357
26 361
26 438
26 493
26 494
26 765
27 97
27 266
27 325
27 373
27 448
27 463
27 628
27 715
27 804
27 862
27 874
27 898
27 946
28 80
28 119
28 139
28 330
28 454
28 792
28 819
28 841
28 990
29 181
29 265
29 726
29 881
29 921
29 952
30 61
30 100
30 165
30 198
30 636
30 795
30 800
30 812
31 107
31 152
31 163
31 179
31 259
31 369
31 407
31 417
31 476
31 585
31 752
32 112
32 196
32 318
32 351
32 362
32 414
32 677
32 697
32 732
32 794
32 966
33 170
33 194
33 298
33 301
33 341
33 360
33 445
33 506
33 507
33 623
33 663
33 809
33 970
33 978
34 100
34 489
34 570
34 595
34 600
34 623
34 658
34 833
34 835
34 859
35 162
35 279
35 341
35 419
35 465
35 467
35 588
35 699
35 710
35 787
35 842
35 930
35 982
36 299
36 321
36 331
36 387
36 510
36 962
36 966
37 114
37 181
37 199
37 225
37 230
37 439
37 500
37 525
37 571
37 599
37 601
37 755
37 837
37 856
37 937
37 995
38 82
38 149
38 285
38 340
38 350
38 369
38 391
38 396
38 409
38 432
38 440
38 476
38 496
38 589
38 651
38 739
38 823
38 845
39 546
39 592
39 611
39 736
39 798
39 937
39 957
40 198
40 232
40 266
40 358
40 481
40 575
40 604
40 760
40 762
40 831
40 839
40 968
41 79
41 297
41 496
41 538
41 573
41 602
41 827
41 903
42 260
42 317
42 349
42 459
42 628
42 641
42 763
42 997
43 52
43 74
43 123
43 195
43 261
43 416
43 564
43 623
43 782
43 877
44 88
44 151
44 205
44 257
44 369
44 449
44 472
44 523
44 561
44 631
44 670
44 681
44 932
45 196
45 217
45 246
45 335
45 351
45 388
45 423
45 457
45 514
45 644
45 724
45 795
45 846
45 861
45 911
46 266
46 297
46 400
46 403
46 543
46 610
46 630
46 750
46 765
46 779
46 987
47 49
47 64
47 134
47 169
47 171
47 186
47 216
47 251
47 519
47 627
47 646
47 680
47 828
47 831
47 947
47 956
48 176
48 187
48 393
48 641
48 714
48 963
49 126
49 160
49 198
49 228
49 257
49 279
49 299
49 325
49 571
49 606
49 638
49 735
49 849
49 971
49 977
50 124
50 157
50 242
50 312
50 862
50 871
50 947
51 126
51 205
51 269
51 289
51 303
51 309
51 390
51 395
51 488
51 607
51 817
52 160
52 323
52 386
52 463
52 540
52 581
52 835
52 883
52 988
53 141
53 176
53 227
53 283
53 449
53 532
53 588
53 816
53 933
53 965
54 125
54 193
54 219
54 281
54 299
54 430
54 674
54 706
54 751
54 752
54 886
54 943
54 968
55 204
55 223
55 254
55 464
55 605
55 618
55 683
55 860
55 890
55 897
56 111
56 175
56 316
56 345
56 353
56 366
56 721
56 745
56 924
57 69
57 95
57 201
57 234
57 290
57 371
57 375
57 384
57 443
57 510
57 606
58 94
58 393
58 940
58 974
59 106
59 111
59 158
59 194
59 291
59 343
59 384
59 512
59 515
59 705
59 776
59 800
59 813
59 849
59 982
60 283
60 285
60 403
60 443
60 461
60 741
60 972
61 272
61 279
61 611
61 790
61 869
61 891
61 954
62 123
62 290
62 361
62 468
62 513
62 682
62 698
62 716
62 756
62 833
63 82
63 144
63 169
63 265
63 400
63 420
63 536
63 674
63 969
63 994
64 92
64 365
64 552
64 582
64 671
65 155
65 350
65 470
65 674
65 717
65 737
65 764
65 857
65 982
66 99
66 558
66 635
66 884
66 942
67 259
67 508
67 629
67 754
67 973
68 464
68 512
68 619
68 794
68 904
68 935
68 990
69 85
69 197
69 488
69 551
69 564
69 910
69 961
69 964
70 540
70 639
70 817
70 900
70 976
71 76
71 138
71 140
71 213
71 494
71 531
71 622
71 728
71 782
71 933
72 74
72 569
72 626
72 650
72 755
72 879
72 969
73 104
73 149
73 413
73 613
73 674
73 681
73 690
74 124
74 315
74 337
74 379
74 422
74 470
74 559
74 651
74 786
74 818
74 919
74 971
75 187
75 229
75 301
75 498
75 517
75 650
75 831
76 126
76 150
76 263
76 301
76 371
76 415
76 463
76 509
76 513
76 604
76 670
76 778
76 800
76 983
77 119
77 250
77 288
77 370
77 453
77 594
77 704
77 711
77 846
78 278
78 476
78 484
78 591
78 698
78 926
79 198
79 204
79 209
79 211
79 220
79 328
79 452
79 545
79 673
79 712
79 757
79 766
79 779
79 803
79 814
80 131
80 222
80 243
80 332
80 338
80 377
80 534
80 580
80 621
80 655
80 670
80 892
81 153
81 285
81 388
81 413
81 449
81 648
81 712
81 745
81 746
81 815
82 140
82 216
82 281
82 775
82 834
82 939
83 145
83 296
83 518
83 557
83 734
83 748
84 282
84 674
84 684
84 714
84 905
85 94
85 148
85 359
85 590
85 599
85 637
85 692
85 744
85 810
85 902
85 933
85 944
86 326
86 365
86 538
86 539
86 546
86 702
86 725
86 755
87 120
87 332
87 396
87 476
87 500
87 635
87 711
87 724
87 784
87 812
87 948
88 120
88 285
88 313
88 345
88 404
88 507
88 553
88 607
88 745
88 860
88 861
88 894
89 478
89 522
89 858
89 898
89 901
89 915
90 162
90 207
90 552
90 705
90 775
90 818
90 862
90 905
90 938
91 98
91 110
91 134
91 173
91 312
91 314
91 405
91 437
91 479
91 495
91 703
91 744
91 754
91 807
91 809
91 811
91 816
91 864
92 117
92 127
92 167
92 182
92 436
92 506
92 675
92 692
92 717
92 752
92 891
92 893
92 894
93 217
93 267
93 271
93 296
93 382
93 500
93 523
93 733
93 865
93 872
93 923
94 381
94 598
94 602
94 716
95 109
95 195
95 263
95 395
95 459
95 514
95 624
95 922
95 932
96 110
96 129
96 333
96 430
96 451
96 619
96 639
96 709
96 739
96 758
96 769
96 878
96 929
96 931
97 309
97 377
97 430
97 448
97 691
97 804
97 825
97 887
97 894
97 970
97 973
98 120
98 345
98 357
98 379
98 409
98 423
98 697
98 846
98 850
98 916
98 942
99 116
99 225
99 276
99 551
99 572
99 650
99 824
99 907
99 961
99 983
100 450
100 661
100 798
100 849
100 970
101 144
101 226
101 289
101 293
101 399
101 711
101 812
101 851
101 875
102 209
102 264
102 448
102 457
102 679
102 899
102 901
102 936
103 204
103 538
103 747
104 301
104 416
104 488
104 587
104 679
104 722
104 743
105 141
105 194
105 217
105 296
105 386
105 712
105 735
105 901
105 944
106 122
106 174
106 250
106 350
106 371
106 392
106 636
106 637
106 843
106 898
106 956
107 152
107 240
107 248
107 275
107 345
107 374
107 396
107 425
107 509
107 599
107 607
107 631
107 880
107 926
107 939
107 959
107 990
108 629
108 764
108 833
108 844
108 947
108 974
109 315
109 356
109 396
109 436
109 571
109 676
109 710
109 789
110 154
110 231
110 248
110 309
110 723
110 814
111 314
111 342
111 531
111 624
111 664
111 802
111 920
112 131
112 140
112 169
112 291
112 357
112 473
112 587
112 623
112 644
112 672
112 947
113 256
113 262
113 273
113 502
113 556
113 625
113 654
113 673
113 961
114 146
114 254
114 269
114 272
114 283
114 348
114 375
114 463
114 485
114 486
114 539
114 597
114 769
114 858
115 141
115 147
115 246
115 273
115 385
115 563
115 623
115 822
115 848
116 174
116 277
116 282
116 291
116 329
116 469
116 602
116 678
116 822
116 914
116 952
117 336
117 461
117 511
117 646
117 754
117 993
118 152
118 370
118 375
118 396
118 447
118 452
118 504
118 522
118 847
119 207
119 361
119 599
119 601
119 625
119 666
119 687
119 792
119 877
119 879
120 352
120 356
120 707
120 786
120 911
121 208
121 259
121 271
121 476
121 555
121 670
121 770
121 839
121 899
122 144
122 306
122 384
122 428
122 449
122 474
122 628
122 789
122 810
122 914
122 915
123 228
123 252
123 494
123 578
123 632
123 633
123 641
123 786
123 880
123 944
124 171
124 210
124 468
124 574
124 626
124 768
124 870
124 969
124 975
125 296
125 419
125 420
125 725
125 794
125 832
125 955
126 247
126 339
126 437
126 438
126 482
126 620
126 776
126 845
126 892
127 482
127 531
128 408
128 631
128 637
128 815
128 852
128 877
128 974
129 236
129 696
129 725
129 736
129 923
130 150
130 219
130 241
130 248
130 376
130 492
130 858
130 905
130 948
131 167
131 348
131 437
131 454
131 517
131 556
131 617
131 686
131 703
131 900
132 205
132 286
132 491
132 591
132 668
132 690
132 820
132 826
132 948
133 151
133 176
133 368
133 415
133 498
133 664
133 693
133 756
133 803
133 900
133 931
134 200
134 263
134 403
134 707
135 250
135 276
135 428
135 540
135 583
135 656
135 661
135 687
135 743
135 840
135 907
135 921
135 972
136 197
136 201
136 213
136 315
136 468
136 494
136 614
136 677
136 783
136 853
136 936
136 938
136 967
137 430
137 477
137 483
137 555
137 645
137 907
137 941
138 172
138 295
138 322
138 367
138 383
138 470
138 536
138 627
138 706
138 722
138 744
138 746
138 778
138 865
138 873
139 197
139 268
139 269
139 319
139 458
139 625
139 775
139 954
139 956
140 141
140 324
140 531
140 588
140 613
140 838
140 869
141 142
141 230
141 287
141 554
141 571
141 673
141 781
141 834
141 885
142 216
142 417
142 494
142 588
142 608
142 662
142 670
142 692
142 765
142 779
142 817
143 301
143 438
143 460
143 706
144 228
144 369
144 596
144 598
144 691
144 707
144 853
144 856
144 913
144 951
145 176
145 274
145 625
145 711
145 770
145 841
146 233
146 279
146 299
146 394
146 414
146 558
146 599
146 690
146 795
146 863
147 364
147 639
147 919
147 925
148 237
148 788
148 879
149 318
149 353
149 490
149 554
149 691
149 757
149 878
150 204
150 209
150 339
150 347
150 571
150 967
151 190
151 236
151 469
151 510
151 548
151 770
151 858
151 871
152 172
152 210
152 237
152 295
152 312
152 314
152 331
152 344
152 381
152 561
152 663
152 774
152 988
153 229
153 238
153 257
153 534
153 775
153 790
153 812
153 924
153 992
154 202
154 336
154 544
154 564
154 725
154 766
154 813
154 840
154 871
154 893
154 917
155 216
155 250
155 444
155 563
155 579
155 710
156 207
156 284
156 419
156 439
156 457
156 693
156 829
156 849
156 939
157 169
157 280
157 291
157 526
157 986
158 314
158 334
158 412
158 675
158 696
158 701
158 714
158 958
158 962
159 205
159 536
159 657
159 874
160 229
160 261
160 332
160 378
160 393
160 423
160 581
160 633
160 750
160 825
160 955
160 995
161 294
161 431
162 201
162 382
162 767
162 906
162 916
163 191
163 224
163 260
163 524
163 570
163 617
163 686
163 758
163 787
163 844
163 879
163 911
165 433
165 598
165 614
165 658
165 661
165 750
165 984
166 345
166 361
166 364
166 405
166 463
166 554
166 781
166 790
166 823
167 315
167 338
167 464
167 573
167 702
167 806
167 834
167 901
167 917
167 970
168 200
168 346
168 360
168 366
168 496
168 648
168 856
168 872
168 876
168 925
168 954
169 192
169 379
169 387
169 388
169 397
169 459
169 472
169 573
169 707
169 710
170 176
170 282
170 371
170 386
170 439
170 445
170 567
170 646
170 690
170 832
170 943
170 954
170 987
171 245
171 263
171 386
171 451
171 725
171 734
171 789
171 880
171 970
172 177
172 237
172 250
172 503
172 651
172 717
172 857
172 963
173 187
173 231
173 311
173 422
173 431
173 519
173 621
173 649
173 665
173 722
173 823
173 918
173 935
174 187
174 263
174 387
174 456
174 459
174 811
174 864
174 992
175 250
175 320
175 326
175 341
175 427
175 429
175 537
175 542
175 829
175 861
176 226
176 302
176 456
176 669
176 728
176 787
176 982
177 203
177 262
177 319
177 384
177 434
177 510
177 516
177 518
177 523
177 555
177 595
177 812
177 995
178 237
178 253
178 265
178 927
178 969
179 272
179 315
179 487
179 767
179 807
179 985
180 242
180 288
180 322
180 338
180 347
180 473
180 652
180 944
181 216
181 372
181 412
181 497
181 554
181 676
181 695
181 871
182 248
182 496
182 503
182 604
182 661
182 726
182 809
182 810
183 315
183 346
183 377
183 411
183 446
183 937
183 951
184 189
184 288
184 304
184 353
184 534
184 569
184 632
184 640
184 738
184 747
184 784
184 888
184 924
184 990
185 216
185 218
185 315
185 316
185 363
185 546
185 549
185 602
185 835
185 871
186 207
186 290
186 317
186 426
186 458
186 751
186 783
186 958
187 236
187 270
187 321
187 421
187 473
187 608
187 609
187 796
187 852
187 945
188 290
188 352
188 381
188 427
188 705
188 849
188 923
189 260
189 397
189 466
189 538
189 574
189 579
189 611
189 635
189 656
189 675
189 732
189 778
189 875
189 920
190 284
190 295
190 480
190 503
190 729
190 794
190 796
190 817
191 388
191 406
191 526
191 597
192 351
192 555
192 569
192 619
192 995
193 300
193 325
193 401
193 500
193 534
193 553
193 598
194 324
194 340
194 393
194 527
194 579
194 634
194 648
194 817
194 859
194 897
194 982
195 274
195 306
195 364
195 449
195 501
195 555
195 563
195 582
195 646
195 807
195 981
196 360
196 361
196 737
196 844
196 887
196 984
197 224
197 243
197 251
197 270
197 308
197 389
197 494
197 527
197 612
197 680
197 765
197 766
197 904
197 929
198 200
198 302
198 310
198 391
198 467
198 513
198 564
198 659
198 682
198 889
198 897
199 351
199 406
199 504
199 565
199 636
199 745
200 467
200 591
200 615
200 772
200 943
201 399
201 441
201 573
201 620
201 632
201 661
201 815
201 856
201 956
202 286
202 319
202 645
202 856
202 868
203 346
203 503
203 575
204 347
204 364
204 458
204 775
205 279
205 338
205 504
205 755
205 857
205 906
205 977
205 979
206 499
206 515
206 567
206 585
206 764
206 774
206 957
206 989
207 399
207 444
207 446
207 563
207 591
207 647
207 937
207 959
207 962
207 991
208 510
209 304
209 389
209 410
209 501
209 577
209 666
209 687
209 774
209 854
210 451
210 476
210 591
210 863
210 872
210 904
211 410
211 803
212 221
212 275
212 442
212 672
212 706
212 801
213 233
213 283
213 349
213 388
213 396
213 472
213 565
213 578
213 580
213 690
213 724
213 728
213 872
213 881
213 925
214 229
214 533
214 631
214 661
214 881
214 928
214 957
215 422
215 888
215 946
216 338
216 340
216 354
216 445
216 463
216 472
216 594
216 729
216 738
216 838
217 224
217 391
217 410
217 424
217 647
217 668
217 765
218 328
218 376
218 424
218 443
218 514
218 633
218 726
218 745
218 796
218 844
218 852
218 956
218 971
219 233
219 334
219 468
219 645
219 749
219 959
219 998
219 999
220 350
220 522
220 538
220 661
220 784
220 815
220 936
220 980
221 302
221 654
221 840
221 970
222 302
222 469
222 865
223 447
223 617
223 619
223 812
223 886
223 892
223 975
224 385
224 453
224 478
224 718
225 247
225 294
225 456
225 528
225 553
225 614
225 969
226 241
226 307
226 594
226 701
226 763
226 765
226 887
226 974
226 986
227 303
227 322
227 456
227 476
227 643
227 929
228 274
228 397
228 450
228 594
228 795
229 334
229 471
229 490
229 707
229 720
229 760
229 773
229 875
230 282
230 571
230 612
231 267
231 452
231 474
231 685
231 817
231 960
232 389
232 391
232 402
232 581
232 666
232 745
232 851
233 268
233 358
233 388
233 501
233 600
233 926
233 940
234 467
234 626
234 862
234 869
234 968
235 329
235 614
235 625
235 626
235 801
235 829
236 270
236 373
236 644
236 751
236 780
236 808
236 924
237 327
237 372
237 411
237 698
237 842
237 919
238 245
238 309
238 351
238 370
238 497
238 637
238 754
238 839
238 958
239 254
239 311
239 372
239 390
239 507
239 596
239 637
239 708
239 924
239 926
240 392
240 414
240 508
240 650
240 724
240 766
240 797
240 920
241 263
241 345
241 433
241 584
241 595
241 614
241 641
241 672
241 681
241 792
241 995
242 263
242 377
242 660
242 885
242 925
243 420
243 485
243 956
244 319
244 394
244 401
244 602
244 658
244 698
244 860
244 903
245 250
245 264
245 391
245 523
245 610
245 730
245 750
245 827
245 973
246 315
246 353
246 409
246 572
246 679
246 753
246 825
246 976
247 248
247 419
247 439
247 706
247 824
247 878
247 987
248 499
248 581
249 259
249 359
249 508
249 549
249 631
249 708
249 973
250 332
250 379
250 473
250 475
250 612
250 829
251 303
251 377
251 502
251 557
251 558
251 564
251 590
251 814
251 992
251 998
252 267
252 474
252 641
252 683
252 880
252 981
253 318
253 560
253 704
253 705
253 733
253 748
254 340
254 396
254 486
254 576
254 800
254 804
254 906
254 907
255 333
255 348
255 456
255 564
255 682
255 823
255 826
255 921
256 309
256 349
256 462
256 475
256 570
256 857
256 912
257 596
257 616
257 622
257 716
257 717
257 838
257 886
258 432
258 549
258 616
258 721
258 766
258 880
258 929
259 288
259 304
259 465
259 632
259 802
260 385
260 467
260 693
260 713
261 603
261 633
261 753
261 812
261 995
262 318
262 490
262 505
262 543
262 816
262 894
263 305
263 578
263 839
264 299
264 332
264 429
264 470
264 518
264 542
264 568
264 613
264 649
264 656
264 684
264 717
264 790
265 801
265 815
265 845
265 894
265 997
266 297
266 367
266 403
266 443
266 545
266 610
266 649
266 650
266 965
267 665
267 813
267 850
267 999
268 894
268 914
269 427
269 530
269 600
269 760
269 805
270 296
270 303
270 311
270 475
270 495
270 606
270 698
270 818
270 832
270 838
270 901
270 933
270 976
270 996
271 288
271 323
271 351
271 425
271 456
271 499
271 703
271 883
272 436
272 456
272 517
272 575
272 635
272 636
272 662
272 788
272 872
272 911
273 297
273 601
273 628
273 924
274 335
274 337
274 509
274 589
274 623
274 682
274 837
274 946
275 442
275 461
275 535
275 580
275 583
275 674
275 793
275 829
275 927
275 987
276 278
276 404
276 415
276 479
276 541
276 560
276 587
276 611
276 649
276 733
277 304
277 389
277 452
277 607
277 757
278 279
278 600
278 891
279 379
279 647
279 693
279 910
280 293
280 450
280 659
280 701
280 711
280 734
280 753
280 760
280 762
280 857
281 350
281 460
281 489
281 754
281 893
282 322
282 400
282 499
282 559
283 442
283 494
283 535
283 684
283 702
283 776
283 948
284 487
284 514
284 641
284 732
284 746
284 939
285 349
285 418
285 500
285 655
285 734
285 766
285 887
285 926
286 739
286 911
286 991
287 353
287 387
287 475
287 488
287 557
287 665
287 720
287 900
287 929
288 343
288 352
288 404
288 665
288 734
288 876
288 926
288 933
289 433
289 545
289 744
289 787
289 875
289 922
290 328
290 418
290 495
290 535
290 696
290 698
290 992
291 293
291 354
291 392
291 434
291 456
291 457
291 501
291 594
291 689
291 702
291 985
292 374
292 474
292 580
292 616
292 669
292 727
292 799
292 937
293 373
293 398
293 443
293 485
293 638
293 659
293 772
293 913
294 522
294 572
294 601
294 722
294 930
294 939
295 433
295 522
295 620
295 728
295 801
295 831
295 842
295 974
295 976
296 338
296 401
296 587
296 595
296 719
296 795
296 823
296 831
296 897
296 907
296 912
296 943
297 334
297 487
297 526
297 600
297 713
297 732
297 733
297 837
298 316
298 361
298 411
298 703
298 725
299 415
299 618
299 673
299 775
299 886
299 921
300 347
300 606
300 632
300 659
300 730
300 960
301 302
301 363
301 540
301 646
301 978
302 608
302 628
302 840
302 886
303 637
303 646
303 648
303 689
303 750
303 865
304 317
304 420
304 427
304 440
304 654
304 697
304 702
304 930
305 379
305 393
305 446
305 463
305 736
305 781
305 835
305 926
306 346
306 462
306 494
306 566
306 761
306 763
306 881
306 937
306 964
306 984
307 338
307 446
307 666
308 350
308 427
308 468
308 523
308 553
308 637
308 724
308 808
308 888
309 381
309 392
309 442
309 447
309 582
309 605
309 735
309 906
309 923
309 976
310 534
310 608
310 662
310 716
310 744
310 944
311 367
311 486
311 488
311 868
311 898
312 328
312 334
312 358
312 368
312 890
312 941
313 354
313 511
313 547
313 714
313 808
314 400
314 444
314 585
314 632
314 673
314 677
314 812
314 815
315 424
315 879
315 973
316 414
316 416
316 462
316 580
316 620
316 662
316 716
316 843
316 964
317 370
317 459
317 734
317 772
317 908
317 965
317 976
318 347
318 386
318 511
318 568
318 646
318 854
318 860
318 869
318 892
319 379
319 415
319 521
319 815
319 872
320 459
320 460
320 599
320 638
320 882
320 993
321 364
321 501
321 727
321 854
321 989
322 405
322 449
322 462
322 582
322 617
322 659
322 669
322 718
322 763
322 799
322 921
322 984
323 802
324 375
324 518
324 593
324 598
324 679
324 714
324 742
324 931
325 502
325 555
325 585
325 689
325 706
325 836
325 884
325 888
326 397
326 437
326 784
326 785
327 365
327 373
327 384
327 460
327 680
327 696
328 472
328 491
328 645
328 963
329 411
329 483
329 557
329 630
329 779
330 451
330 524
330 649
330 729
330 759
330 975
331 468
331 477
331 540
331 648
331 726
331 853
331 870
331 920
331 961
332 424
332 478
332 556
332 559
332 622
332 814
332 913
333 553
333 723
333 784
334 376
334 387
334 572
334 677
334 847
334 964
335 530
335 617
335 667
335 684
335 732
335 757
335 990
336 438
336 543
336 638
336 724
336 865
336 900
336 955
336 982
337 432
337 450
337 612
337 707
337 854
337 855
337 940
337 944
337 966
338 611
338 897
339 405
339 408
339 422
339 504
339 735
339 862
340 426
340 516
340 552
340 718
340 739
340 761
340 817
340 849
340 996
341 410
341 548
341 589
341 651
341 690
341 842
341 867
341 886
341 894
341 897
341 992
341 999
342 359
342 624
342 632
342 787
342 844
342 884
343 390
343 405
343 423
343 600
343 656
343 763
343 908
344 357
344 575
344 691
344 804
344 927
344 951
344 980
345 569
345 609
345 680
345 722
345 865
346 420
346 531
346 583
346 624
346 651
346 746
346 837
346 938
347 546
347 679
347 697
347 707
347 735
347 853
347 886
348 525
348 555
348 596
348 736
348 907
348 937
349 657
349 661
349 678
349 814
349 847
349 921
349 945
350 423
350 455
350 476
350 742
350 787
350 788
350 880
351 364
351 445
351 468
351 685
351 696
351 718
351 798
351 907
351 955
352 390
352 426
352 558
352 583
352 865
352 904
352 928
352 988
353 406
353 543
353 607
353 663
353 724
353 907
353 941
353 996
354 407
354 618
354 639
354 836
354 909
354 944
354 979
355 399
355 527
355 611
356 422
356 727
356 979
357 574
357 726
357 762
357 823
357 826
357 848
357 888
357 904
358 553
358 561
358 629
358 733
359 552
359 683
359 754
359 821
359 968
360 457
360 602
360 809
360 817
360 823
360 994
360 995
361 428
361 483
361 585
361 629
361 841
361 851
362 563
362 570
362 591
362 610
362 714
362 843
362 876
363 504
363 570
363 586
363 692
363 825
363 893
363 995
364 365
364 370
364 502
364 605
364 677
364 851
364 980
365 585
365 718
365 813
365 936
366 394
366 481
366 879
366 943
367 439
367 495
367 608
367 822
367 874
368 381
368 566
368 821
368 849
369 436
369 455
369 538
369 539
369 580
369 615
369 802
369 836
369 944
370 440
370 503
370 728
371 399
371 515
371 528
371 691
371 698
371 707
371 722
371 823
371 969
372 421
372 424
372 446
372 468
372 721
372 838
372 854
372 876
373 435
373 543
373 544
373 774
373 785
373 928
374 499
374 580
374 656
374 782
374 860
374 861
374 932
375 751
375 936
375 994
376 449
376 800
376 837
376 899
377 427
377 428
377 441
377 619
377 634
378 443
378 445
378 546
378 649
378 789
378 857
378 883
378 970
379 545
379 592
379 595
379 596
379 615
379 800
379 812
379 915
379 979
379 999
380 490
380 716
380 759
380 861
380 926
380 957
381 386
381 469
381 545
381 613
381 773
381 803
381 882
381 893
382 483
382 656
382 723
382 877
382 963
382 982
383 400
383 483
383 495
383 513
383 586
383 734
383 900
384 640
384 662
384 824
384 917
385 407
385 414
385 556
385 588
385 760
385 895
386 409
386 464
386 635
386 742
386 918
387 433
387 438
387 497
387 607
387 612
387 705
388 414
388 448
388 687
388 804
388 814
388 848
388 910
388 974
389 435
389 567
389 610
389 699
389 705
389 765
389 971
390 408
390 440
390 472
390 596
390 622
390 694
390 786
390 859
391 438
391 529
391 904
392 415
392 436
392 606
392 621
392 641
392 676
392 774
392 817
392 913
392 930
393 413
393 710
393 856
394 433
394 692
394 750
394 902
394 965
395 396
395 416
395 540
395 633
395 674
395 680
395 806
395 916
396 580
396 761
396 855
396 887
396 992
397 399
397 406
397 488
397 512
397 549
397 560
397 689
397 706
397 720
397 824
397 840
397 942
398 443
398 560
398 588
398 741
398 832
398 936
399 428
399 451
399 673
399 967
400 732
400 749
400 868
400 878
401 443
401 504
401 747
401 784
401 786
401 863
402 812
402 830
402 917
402 937
403 633
403 749
403 773
403 842
403 899
403 926
404 445
404 452
404 518
404 551
404 554
404 626
404 685
404 840
404 924
405 416
405 418
405 488
405 489
405 512
405 643
405 694
405 727
405 746
405 799
405 811
405 901
406 421
406 503
406 517
406 613
406 865
406 923
406 972
406 988
407 464
407 511
407 526
407 556
407 635
407 665
407 803
407 844
407 896
407 961
407 996
408 531
408 566
408 579
408 695
408 758
408 867
408 912
409 636
409 667
409 722
410 447
410 455
410 482
410 502
410 505
410 840
410 985
411 650
411 821
411 841
411 923
411 938
412 439
412 635
413 488
413 498
413 571
413 626
413 634
413 870
413 889
414 501
414 631
414 665
414 730
414 742
414 793
414 808
414 822
414 869
414 930
415 475
415 525
415 643
415 703
415 848
415 944
415 965
416 665
416 822
416 824
416 925
416 976
417 419
417 457
417 462
417 494
417 792
418 433
418 442
418 651
418 679
418 759
418 824
418 829
418 855
418 951
418 957
419 491
419 495
419 685
419 919
419 921
419 991
420 672
420 765
420 825
420 851
420 877
420 918
420 955
421 562
421 589
421 647
421 695
422 454
422 547
422 551
422 598
422 833
422 858
422 918
422 985
423 462
423 630
423 746
423 783
423 799
424 611
424 680
424 938
425 527
425 925
425 986
426 500
426 527
426 646
426 889
426 994
427 432
427 719
427 730
427 849
427 951
427 972
428 479
428 520
428 598
428 599
428 624
429 674
429 721
429 818
429 847
429 938
429 950
429 966
429 995
430 458
430 654
430 894
431 564
431 669
431 764
431 900
431 942
432 493
432 573
432 580
432 600
432 894
433 446
433 466
433 596
433 641
433 724
433 836
433 839
433 847
433 859
433 908
433 971
434 450
434 460
434 644
434 775
435 465
435 477
435 546
435 579
435 688
435 718
435 889
435 926
436 510
436 517
436 824
436 918
436 921
437 446
437 859
437 968
438 578
438 607
438 943
438 969
438 972
438 975
439 494
439 498
439 680
439 744
439 762
439 888
439 909
439 930
440 496
440 587
440 675
440 734
440 768
440 818
440 850
440 995
441 573
441 581
441 697
441 860
441 864
441 882
441 908
441 938
441 967
441 994
442 454
442 456
442 492
442 540
442 564
442 565
442 723
442 753
442 943
442 976
443 469
443 837
443 959
444 485
444 591
444 647
444 649
444 652
444 690
444 910
445 625
445 662
445 686
445 798
445 804
445 867
445 913
445 967
446 523
446 649
446 715
446 883
446 914
446 967
447 466
447 521
447 625
447 655
447 720
447 936
447 985
448 449
448 518
448 561
448 611
448 643
448 740
448 773
448 854
448 932
449 459
449 572
449 655
449 796
449 939
450 729
450 819
450 906
451 647
451 731
452 665
452 708
452 779
452 903
452 981
453 461
453 783
453 786
453 852
453 933
454 475
454 565
454 575
454 609
454 634
455 497
455 513
455 520
455 769
455 815
455 913
455 955
456 624
456 934
457 468
457 673
457 781
457 817
457 950
458 879
459 602
459 647
459 718
459 737
459 987
460 465
460 472
460 500
460 619
461 524
461 601
461 662
461 725
462 490
462 500
462 582
462 591
463 479
463 639
463 654
463 694
463 753
463 830
463 842
463 857
463 858
463 899
464 541
464 576
464 678
464 924
464 955
465 637
465 687
465 932
465 938
466 692
466 745
466 782
467 469
467 616
467 711
467 734
467 820
468 489
468 552
468 584
468 590
468 849
468 864
468 869
469 546
469 675
469 996
470 500
470 539
470 571
470 614
470 645
470 838
471 542
471 624
471 896
472 492
472 496
472 814
472 850
473 705
474 701
474 982
475 537
475 543
475 649
475 885
475 924
476 520
476 640
476 922
477 497
477 575
477 661
478 545
478 585
478 594
478 604
478 767
478 874
479 498
479 505
479 599
479 601
479 735
479 760
479 800
479 876
479 960
480 493
480 612
480 778
480 807
480 973
480 980
481 521
481 682
481 989
482 699
482 830
482 930
482 957
482 981
483 574
483 655
483 693
483 726
483 897
484 530
484 617
484 699
484 713
484 778
484 793
484 992
485 493
485 578
485 714
485 877
485 945
486 499
486 535
486 578
486 648
486 816
486 837
486 861
486 916
487 548
487 571
487 584
487 794
487 842
487 849
487 858
487 902
487 922
488 681
488 712
488 754
488 771
489 635
489 664
489 665
489 731
489 854
489 904
489 914
489 998
490 543
490 824
490 852
491 556
491 621
491 716
491 932
491 933
491 994
492 577
492 593
492 620
492 897
493 651
493 771
493 772
494 658
494 660
494 731
494 875
495 673
495 835
495 877
495 997
496 555
496 627
496 762
496 873
496 931
497 579
497 817
498 506
498 511
498 550
498 557
498 924
498 958
499 545
499 559
499 583
499 601
499 942
499 969
500 885
500 954
500 955
501 543
501 692
501 861
501 910
501 995
502 536
502 625
502 692
503 514
503 521
503 560
503 569
503 616
503 725
503 740
503 877
504 702
504 731
504 816
504 866
504 893
504 907
504 959
505 702
505 750
505 973
505 985
505 999
506 873
507 510
507 572
507 668
507 780
507 867
507 907
507 910
507 920
508 511
508 575
508 587
508 672
508 796
508 838
508 997
509 565
509 576
509 590
509 611
509 635
509 720
509 826
509 876
509 951
510 613
510 624
510 920
510 946
510 965
511 548
511 669
511 690
511 720
511 764
511 840
511 987
512 895
512 909
512 965
513 530
513 722
513 778
513 793
513 809
513 957
514 630
514 763
514 910
515 868
515 959
516 669
516 672
516 735
516 743
516 847
516 856
516 941
517 754
517 848
518 609
518 750
518 864
518 869
518 913
518 967
519 594
519 602
519 614
519 677
519 859
520 567
520 692
520 789
520 813
520 901
521 537
521 661
521 721
521 828
522 623
522 841
522 868
522 929
522 934
523 584
523 721
523 756
523 819
523 859
523 886
523 999
524 544
524 843
524 927
525 702
525 853
526 600
526 643
526 963
526 967
527 644
527 744
527 750
527 779
528 574
529 620
529 764
529 777
529 813
529 922
530 629
530 655
530 661
530 703
530 721
530 759
530 879
530 913
531 820
531 861
531 928
532 538
532 572
532 604
532 639
532 670
532 967
533 563
533 617
533 749
533 761
533 910
533 988
534 539
534 599
534 708
534 881
535 594
535 795
535 936
536 633
536 813
536 816
536 901
536 956
537 670
537 768
537 846
537 870
537 898
537 900
537 936
537 960
537 962
537 994
538 607
538 696
538 752
538 831
538 865
538 888
538 898
538 949
539 597
539 959
540 623
540 682
540 875
540 946
540 948
541 562
541 607
541 695
541 730
541 785
541 813
541 832
541 907
541 922
542 604
542 652
543 778
543 820
543 851
544 613
544 647
544 661
544 682
544 834
544 835
544 882
544 999
545 580
545 873
545 934
545 955
545 964
546 551
546 630
546 895
547 605
547 646
547 726
547 837
547 867
547 871
547 917
547 967
547 998
548 670
548 735
548 761
548 981
549 638
549 717
549 797
549 818
549 879
550 586
550 711
550 770
550 830
551 557
551 677
551 730
551 843
552 728
552 733
552 743
552 770
553 569
553 701
553 705
553 982
554 573
554 625
554 651
554 744
554 754
554 865
555 570
555 658
555 875
555 879
555 966
556 595
556 704
556 717
556 718
556 770
556 844
556 846
556 906
556 967
557 581
557 686
557 702
557 854
557 898
557 948
558 571
558 649
558 653
558 855
559 581
559 862
559 868
559 871
560 684
560 796
560 877
561 586
561 601
561 627
561 628
561 691
561 798
562 702
562 934
563 762
563 776
563 835
563 861
563 936
564 854
565 690
565 764
565 878
565 934
565 964
565 987
566 585
566 662
566 665
567 632
567 711
567 817
567 992
568 599
568 610
568 631
568 803
569 752
569 833
569 902
569 946
570 825
570 958
571 649
571 728
571 744
571 793
571 895
572 768
573 704
573 755
573 875
573 884
573 905
573 998
574 580
574 737
574 908
574 926
574 964
575 602
575 629
575 663
575 860
575 973
576 613
576 897
577 737
577 866
577 903
577 949
578 757
578 854
578 875
578 909
578 988
579 589
579 634
579 721
579 724
579 852
579 902
579 970
580 721
580 810
580 910
581 656
581 726
581 739
581 798
582 666
582 732
582 834
582 866
582 889
583 637
583 648
583 694
583 789
583 798
583 854
583 956
584 629
584 681
584 746
584 874
584 977
585 826
585 957
585 976
586 695
586 782
586 861
586 898
586 988
587 725
587 751
587 793
587 797
587 837
587 990
588 627
588 638
588 694
588 701
588 783
588 835
589 732
589 737
589 996
590 648
590 664
590 724
590 777
590 841
591 607
591 626
591 707
591 851
591 916
592 662
592 838
592 914
593 648
593 845
593 968
594 698
594 961
595 621
595 781
595 820
595 891
595 918
595 921
596 846
597 601
597 642
597 701
597 714
597 758
597 853
597 948
597 981
598 631
598 635
598 777
598 969
598 994
599 682
599 695
599 747
599 840
599 962
600 656
600 880
600 887
601 667
601 817
601 842
601 995
602 631
603 826
603 861
603 881
603 952
604 748
604 781
604 890
605 754
606 684
606 713
606 809
606 818
606 877
606 955
607 657
607 778
608 628
608 894
609 626
609 789
609 818
609 826
609 938
609 976
610 661
610 797
610 853
610 893
610 928
611 797
611 864
611 958
612 725
612 815
612 854
612 862
612 955
612 957
613 627
613 635
613 857
613 873
613 929
613 945
614 622
614 717
614 954
615 684
615 855
615 925
615 947
616 629
616 687
616 966
616 994
617 669
617 671
617 788
618 657
618 663
618 729
618 905
619 849
619 988
619 991
621 648
621 689
621 770
621 807
621 808
621 971
621 985
622 747
622 800
623 780
623 783
623 860
623 894
624 711
624 742
624 889
625 785
625 930
626 644
626 852
627 805
627 835
627 859
627 910
628 697
628 717
628 840
628 968
629 642
629 844
629 881
629 889
629 932
629 951
629 981
630 739
630 816
630 920
630 959
630 993
631 664
631 788
631 855
631 872
631 877
631 938
631 977
632 856
633 833
633 878
633 887
633 910
633 912
633 913
633 995
634 654
634 870
634 878
634 896
635 641
635 658
635 691
636 673
636 674
636 689
636 803
636 866
636 972
637 826
638 747
638 891
638 953
638 979
639 764
639 851
640 741
640 842
641 833
641 920
641 926
641 942
641 970
641 982
642 860
642 962
643 649
643 704
643 738
643 785
643 822
644 668
644 800
644 802
644 855
644 865
644 980
645 781
645 805
645 855
645 894
645 901
646 972
647 776
647 890
647 925
647 944
648 669
648 854
648 963
649 687
649 833
649 836
650 872
651 808
651 832
651 840
652 711
652 943
653 871
654 801
654 811
654 905
654 978
655 660
656 718
656 733
656 734
656 756
656 798
656 801
656 946
656 953
659 795
659 819
659 851
659 943
660 748
660 765
660 793
660 820
660 862
660 905
661 680
661 860
661 882
661 933
661 936
662 740
662 796
662 869
663 746
663 771
663 777
663 987
664 747
664 768
664 798
664 958
665 725
665 811
666 701
666 721
666 950
667 704
667 715
667 716
667 824
667 905
667 945
667 971
668 677
668 787
668 804
668 813
668 888
668 889
668 922
669 729
669 810
670 966
671 843
672 796
673 679
673 748
674 700
674 842
674 956
674 970
675 744
675 775
675 885
676 725
676 820
677 815
677 873
678 961
678 963
679 718
679 755
679 826
679 910
679 924
679 976
680 719
680 753
680 804
682 683
682 765
683 740
683 762
684 698
684 818
684 989
685 690
685 713
685 917
686 757
686 764
686 912
686 915
687 823
688 696
688 711
688 809
688 811
688 818
688 992
689 695
689 739
689 771
689 949
690 839
690 849
690 865
691 808
691 961
692 715
692 822
692 846
692 932
692 958
693 736
693 780
693 844
693 887
693 941
693 944
694 814
694 854
694 938
695 756
695 799
695 933
695 943
696 802
696 927
696 999
697 945
699 898
700 707
700 751
700 911
701 817
701 951
702 800
702 837
702 873
702 925
703 716
703 866
703 914
703 919
703 985
704 728
704 765
704 898
704 986
704 990
705 815
705 925
706 772
706 883
706 889
706 962
707 812
707 958
708 711
708 813
708 978
709 829
710 887
710 958
710 961
711 715
711 752
711 848
711 857
711 888
712 749
712 880
712 931
713 725
713 752
713 903
713 909
714 734
714 759
714 832
714 901
714 921
714 990
715 803
715 881
715 938
715 983
716 864
717 777
717 895
718 736
718 840
718 871
719 744
719 747
719 837
719 862
719 950
719 977
720 952
721 739
721 817
721 833
721 876
722 908
723 763
723 803
723 901
724 753
725 974
725 988
726 790
726 812
727 787
727 874
727 953
727 979
728 733
728 961
730 745
730 763
730 818
730 866
730 988
731 744
731 764
731 861
731 863
732 734
732 753
732 885
732 982
733 931
733 989
734 760
734 779
734 867
734 910
734 917
734 974
735 743
735 747
735 790
735 833
735 919
735 969
736 828
736 876
736 889
736 973
737 909
738 773
738 891
741 853
742 882
742 991
743 771
743 814
743 882
743 982
744 825
744 880
744 938
745 861
745 994
746 773
746 781
746 791
746 863
746 989
746 993
747 785
747 847
747 988
748 975
749 772
749 795
749 820
749 893
749 956
749 982
750 867
750 877
751 871
752 808
752 860
752 890
752 908
753 799
753 814
753 890
753 895
753 982
754 864
754 931
755 842
756 803
756 807
756 818
756 830
756 848
756 964
756 967
757 881
758 785
759 766
759 790
759 801
759 878
760 857
761 762
761 801
761 886
761 904
761 943
761 988
762 873
762 890
762 978
763 805
764 834
764 988
765 949
765 972
766 773
766 808
766 965
766 998
767 906
767 907
768 783
768 879
768 991
769 829
769 843
769 854
770 844
771 795
772 900
772 979
773 799
773 823
773 855
773 933
774 840
774 842
774 907
774 946
775 939
776 847
776 911
777 942
777 954
778 913
778 916
778 995
779 848
779 870
779 889
779 901
779 932
780 900
780 946
781 857
781 884
781 954
782 814
782 831
782 891
782 968
783 921
785 898
785 952
785 994
786 929
788 857
788 978
789 808
789 813
789 832
789 888
789 910
791 827
792 841
792 843
792 868
793 836
793 928
793 964
795 825
795 844
795 882
795 918
796 844
796 854
797 835
797 838
798 848
798 879
798 973
799 805
799 897
800 834
800 993
801 803
801 935
802 812
802 821
802 859
802 867
802 904
803 877
803 880
804 857
805 807
805 822
805 841
805 880
806 934
807 885
809 826
809 913
809 926
811 910
812 820
812 935
812 984
813 819
813 909
814 854
815 939
815 948
816 909
817 931
818 845
818 882
818 917
820 872
821 833
821 875
821 928
822 908
822 942
824 900
824 974
825 919
826 936
827 830
827 977
828 837
828 886
828 968
829 897
830 852
830 957
832 915
832 958
834 903
834 998
835 958
835 989
836 919
836 943
837 859
838 929
839 946
840 901
840 944
843 994
844 915
844 984
845 859
845 942
846 847
846 941
847 859
847 914
847 931
848 897
848 929
848 941
849 966
850 945
851 876
852 958
852 965
853 967
854 979
856 933
858 946
860 925
860 931
860 975
861 907
862 936
862 999
863 889
864 872
865 900
866 872
866 922
866 974
867 890
867 957
870 941
871 979
873 931
873 956
873 998
874 988
875 886
875 939
876 982
878 918
881 901
881 962
881 990
884 891
884 965
886 889
886 911
887 939
887 963
888 961
889 917
889 992
890 971
891 986
891 987
893 895
893 978
894 930
894 971
894 997
897 956
900 924
900 956
901 934
903 939
907 930
909 935
912 913
912 930
912 940
914 948
915 929
916 931
917 953
918 992
921 942
924 946
926 964
927 943
927 963
928 931
928 981
930 940
931 997
933 986
934 983
935 993
937 961
939 966
943 967
943 991
944 973
950 990
952 962
952 978
954 995
957 970
958 973
962 969
963 998
964 967
968 998
972 976
972 991
977 989
981 995
